# OpenSignals Text File Format. Version 1
# {"84:BA:20:5E:FB:98": {"position": 0, "device": "bitalino_rev", "device name": "84:BA:20:5E:FB:98", "device connection": "BTH84:BA:20:5E:FB:98", "sampling rate": 100, "resolution": [4, 1, 1, 1, 1, 10], "firmware version": 1282, "comments": "", "keywords": "", "mode": 0, "sync interval": 2, "date": "2024-3-1", "time": "18:45:5.111", "channels": [3], "sensor": ["EDABITREV"], "label": ["A3"], "column": ["nSeq", "I1", "I2", "O1", "O2", "A3"], "special": [{}], "digital IO": [0, 0, 1, 1]}}
# EndOfHeader
0	0	0	0	0	161	
1	0	0	0	0	161	
2	0	0	0	0	161	
3	0	0	0	0	161	
4	0	0	0	0	161	
5	0	0	0	0	161	
6	0	0	0	0	161	
7	0	0	0	0	161	
8	0	0	0	0	161	
9	0	0	0	0	161	
10	0	0	0	0	161	
11	0	0	0	0	161	
12	0	0	0	0	161	
13	0	0	0	0	161	
14	0	0	0	0	161	
15	0	0	0	0	161	
0	0	0	0	0	161	
1	0	0	0	0	161	
2	0	0	0	0	161	
3	0	0	0	0	161	
4	0	0	0	0	161	
5	0	0	0	0	161	
6	0	0	0	0	161	
7	0	0	0	0	161	
8	0	0	0	0	160	
9	0	0	0	0	160	
10	0	0	0	0	160	
11	0	0	0	0	160	
12	0	0	0	0	160	
13	0	0	0	0	160	
14	0	0	0	0	160	
15	0	0	0	0	160	
0	0	0	0	0	161	
1	0	0	0	0	161	
2	0	0	0	0	161	
3	0	0	0	0	161	
4	0	0	0	0	161	
5	0	0	0	0	161	
6	0	0	0	0	161	
7	0	0	0	0	161	
8	0	0	0	0	161	
9	0	0	0	0	161	
10	0	0	0	0	161	
11	0	0	0	0	161	
12	0	0	0	0	161	
13	0	0	0	0	161	
14	0	0	0	0	161	
15	0	0	0	0	161	
0	0	0	0	0	161	
1	0	0	0	0	162	
2	0	0	0	0	162	
3	0	0	0	0	162	
4	0	0	0	0	162	
5	0	0	0	0	162	
6	0	0	0	0	162	
7	0	0	0	0	162	
8	0	0	0	0	162	
9	0	0	0	0	162	
10	0	0	0	0	162	
11	0	0	0	0	162	
12	0	0	0	0	162	
13	0	0	0	0	162	
14	0	0	0	0	162	
15	0	0	0	0	162	
0	0	0	0	0	162	
1	0	0	0	0	162	
2	0	0	0	0	162	
3	0	0	0	0	162	
4	0	0	0	0	162	
5	0	0	0	0	163	
6	0	0	0	0	163	
7	0	0	0	0	163	
8	0	0	0	0	163	
9	0	0	0	0	163	
10	0	0	0	0	163	
11	0	0	0	0	163	
12	0	0	0	0	163	
13	0	0	0	0	163	
14	0	0	0	0	163	
15	0	0	0	0	163	
0	0	0	0	0	163	
1	0	0	0	0	163	
2	0	0	0	0	163	
3	0	0	0	0	163	
4	0	0	0	0	163	
5	0	0	0	0	163	
6	0	0	0	0	163	
7	0	0	0	0	163	
8	0	0	0	0	163	
9	0	0	0	0	163	
10	0	0	0	0	163	
11	0	0	0	0	163	
12	0	0	0	0	163	
13	0	0	0	0	164	
14	0	0	0	0	164	
15	0	0	0	0	164	
0	0	0	0	0	164	
1	0	0	0	0	164	
2	0	0	0	0	164	
3	0	0	0	0	164	
4	0	0	0	0	164	
5	0	0	0	0	164	
6	0	0	0	0	164	
7	0	0	0	0	164	
8	0	0	0	0	164	
9	0	0	0	0	164	
10	0	0	0	0	164	
11	0	0	0	0	164	
12	0	0	0	0	164	
13	0	0	0	0	164	
14	0	0	0	0	165	
15	0	0	0	0	164	
0	0	0	0	0	164	
1	0	0	0	0	164	
2	0	0	0	0	165	
3	0	0	0	0	165	
4	0	0	0	0	165	
5	0	0	0	0	165	
6	0	0	0	0	165	
7	0	0	0	0	165	
8	0	0	0	0	165	
9	0	0	0	0	165	
10	0	0	0	0	165	
11	0	0	0	0	165	
12	0	0	0	0	165	
13	0	0	0	0	165	
14	0	0	0	0	165	
15	0	0	0	0	165	
0	0	0	0	0	165	
1	0	0	0	0	165	
2	0	0	0	0	165	
3	0	0	0	0	165	
4	0	0	0	0	165	
5	0	0	0	0	165	
6	0	0	0	0	166	
7	0	0	0	0	166	
8	0	0	0	0	166	
9	0	0	0	0	166	
10	0	0	0	0	166	
11	0	0	0	0	166	
12	0	0	0	0	166	
13	0	0	0	0	166	
14	0	0	0	0	166	
15	0	0	0	0	166	
0	0	0	0	0	166	
1	0	0	0	0	166	
2	0	0	0	0	166	
3	0	0	0	0	166	
4	0	0	0	0	166	
5	0	0	0	0	166	
6	0	0	0	0	166	
7	0	0	0	0	166	
8	0	0	0	0	166	
9	0	0	0	0	166	
10	0	0	0	0	166	
11	0	0	0	0	166	
12	0	0	0	0	166	
13	0	0	0	0	166	
14	0	0	0	0	166	
15	0	0	0	0	166	
0	0	0	0	0	166	
1	0	0	0	0	166	
2	0	0	0	0	167	
3	0	0	0	0	166	
4	0	0	0	0	166	
5	0	0	0	0	166	
6	0	0	0	0	167	
7	0	0	0	0	167	
8	0	0	0	0	167	
9	0	0	0	0	167	
10	0	0	0	0	167	
11	0	0	0	0	167	
12	0	0	0	0	167	
13	0	0	0	0	167	
14	0	0	0	0	167	
15	0	0	0	0	167	
0	0	0	0	0	167	
1	0	0	0	0	167	
2	0	0	0	0	167	
3	0	0	0	0	167	
4	0	0	0	0	167	
5	0	0	0	0	167	
6	0	0	0	0	167	
7	0	0	0	0	167	
8	0	0	0	0	167	
9	0	0	0	0	167	
10	0	0	0	0	167	
11	0	0	0	0	167	
12	0	0	0	0	167	
13	0	0	0	0	167	
14	0	0	0	0	167	
15	0	0	0	0	167	
0	0	0	0	0	167	
1	0	0	0	0	167	
2	0	0	0	0	167	
3	0	0	0	0	167	
4	0	0	0	0	167	
5	0	0	0	0	167	
6	0	0	0	0	167	
7	0	0	0	0	167	
8	0	0	0	0	167	
9	0	0	0	0	167	
10	0	0	0	0	167	
11	0	0	0	0	167	
12	0	0	0	0	167	
13	0	0	0	0	167	
14	0	0	0	0	167	
15	0	0	0	0	167	
0	0	0	0	0	167	
1	0	0	0	0	167	
2	0	0	0	0	167	
3	0	0	0	0	167	
4	0	0	0	0	167	
5	0	0	0	0	167	
6	0	0	0	0	167	
7	0	0	0	0	167	
8	0	0	0	0	167	
9	0	0	0	0	167	
10	0	0	0	0	167	
11	0	0	0	0	167	
12	0	0	0	0	167	
13	0	0	0	0	167	
14	0	0	0	0	167	
15	0	0	0	0	167	
0	0	0	0	0	167	
1	0	0	0	0	167	
2	0	0	0	0	168	
3	0	0	0	0	167	
4	0	0	0	0	167	
5	0	0	0	0	168	
6	0	0	0	0	168	
7	0	0	0	0	168	
8	0	0	0	0	168	
9	0	0	0	0	168	
10	0	0	0	0	168	
11	0	0	0	0	168	
12	0	0	0	0	168	
13	0	0	0	0	168	
14	0	0	0	0	168	
15	0	0	0	0	168	
0	0	0	0	0	168	
1	0	0	0	0	168	
2	0	0	0	0	168	
3	0	0	0	0	168	
4	0	0	0	0	168	
5	0	0	0	0	168	
6	0	0	0	0	168	
7	0	0	0	0	168	
8	0	0	0	0	168	
9	0	0	0	0	168	
10	0	0	0	0	168	
11	0	0	0	0	168	
12	0	0	0	0	168	
13	0	0	0	0	168	
14	0	0	0	0	168	
15	0	0	0	0	168	
0	0	0	0	0	168	
1	0	0	0	0	168	
2	0	0	0	0	169	
3	0	0	0	0	168	
4	0	0	0	0	168	
5	0	0	0	0	168	
6	0	0	0	0	169	
7	0	0	0	0	168	
8	0	0	0	0	168	
9	0	0	0	0	169	
10	0	0	0	0	169	
11	0	0	0	0	169	
12	0	0	0	0	169	
13	0	0	0	0	169	
14	0	0	0	0	169	
15	0	0	0	0	169	
0	0	0	0	0	169	
1	0	0	0	0	169	
2	0	0	0	0	169	
3	0	0	0	0	169	
4	0	0	0	0	169	
5	0	0	0	0	169	
6	0	0	0	0	169	
7	0	0	0	0	169	
8	0	0	0	0	169	
9	0	0	0	0	169	
10	0	0	0	0	169	
11	0	0	0	0	169	
12	0	0	0	0	169	
13	0	0	0	0	169	
14	0	0	0	0	169	
15	0	0	0	0	169	
0	0	0	0	0	169	
1	0	0	0	0	169	
2	0	0	0	0	169	
3	0	0	0	0	169	
4	0	0	0	0	169	
5	0	0	0	0	169	
6	0	0	0	0	169	
7	0	0	0	0	169	
8	0	0	0	0	169	
9	0	0	0	0	169	
10	0	0	0	0	169	
11	0	0	0	0	169	
12	0	0	0	0	169	
13	0	0	0	0	169	
14	0	0	0	0	169	
15	0	0	0	0	169	
0	0	0	0	0	169	
1	0	0	0	0	169	
2	0	0	0	0	169	
3	0	0	0	0	169	
4	0	0	0	0	169	
5	0	0	0	0	169	
6	0	0	0	0	169	
7	0	0	0	0	169	
8	0	0	0	0	169	
9	0	0	0	0	169	
10	0	0	0	0	169	
11	0	0	0	0	169	
12	0	0	0	0	169	
13	0	0	0	0	169	
14	0	0	0	0	169	
15	0	0	0	0	169	
0	0	0	0	0	169	
1	0	0	0	0	169	
2	0	0	0	0	169	
3	0	0	0	0	169	
4	0	0	0	0	169	
5	0	0	0	0	169	
6	0	0	0	0	169	
7	0	0	0	0	169	
8	0	0	0	0	169	
9	0	0	0	0	169	
10	0	0	0	0	169	
11	0	0	0	0	169	
12	0	0	0	0	169	
13	0	0	0	0	169	
14	0	0	0	0	169	
15	0	0	0	0	169	
0	0	0	0	0	169	
1	0	0	0	0	169	
2	0	0	0	0	169	
3	0	0	0	0	169	
4	0	0	0	0	169	
5	0	0	0	0	169	
6	0	0	0	0	169	
7	0	0	0	0	169	
8	0	0	0	0	169	
9	0	0	0	0	169	
10	0	0	0	0	169	
11	0	0	0	0	169	
12	0	0	0	0	169	
13	0	0	0	0	169	
14	0	0	0	0	169	
15	0	0	0	0	169	
0	0	0	0	0	169	
1	0	0	0	0	169	
2	0	0	0	0	169	
3	0	0	0	0	169	
4	0	0	0	0	169	
5	0	0	0	0	169	
6	0	0	0	0	170	
7	0	0	0	0	169	
8	0	0	0	0	169	
9	0	0	0	0	169	
10	0	0	0	0	170	
11	0	0	0	0	170	
12	0	0	0	0	169	
13	0	0	0	0	170	
14	0	0	0	0	170	
15	0	0	0	0	170	
0	0	0	0	0	170	
1	0	0	0	0	170	
2	0	0	0	0	170	
3	0	0	0	0	170	
4	0	0	0	0	170	
5	0	0	0	0	170	
6	0	0	0	0	170	
7	0	0	0	0	170	
8	0	0	0	0	170	
9	0	0	0	0	170	
10	0	0	0	0	170	
11	0	0	0	0	170	
12	0	0	0	0	170	
13	0	0	0	0	170	
14	0	0	0	0	170	
15	0	0	0	0	170	
0	0	0	0	0	170	
1	0	0	0	0	170	
2	0	0	0	0	170	
3	0	0	0	0	170	
4	0	0	0	0	170	
5	0	0	0	0	170	
6	0	0	0	0	170	
7	0	0	0	0	170	
8	0	0	0	0	170	
9	0	0	0	0	170	
10	0	0	0	0	170	
11	0	0	0	0	170	
12	0	0	0	0	170	
13	0	0	0	0	170	
14	0	0	0	0	170	
15	0	0	0	0	170	
0	0	0	0	0	170	
1	0	0	0	0	170	
2	0	0	0	0	170	
3	0	0	0	0	170	
4	0	0	0	0	170	
5	0	0	0	0	170	
6	0	0	0	0	170	
7	0	0	0	0	170	
8	0	0	0	0	170	
9	0	0	0	0	170	
10	0	0	0	0	171	
11	0	0	0	0	171	
12	0	0	0	0	170	
13	0	0	0	0	170	
14	0	0	0	0	171	
15	0	0	0	0	171	
0	0	0	0	0	171	
1	0	0	0	0	171	
2	0	0	0	0	171	
3	0	0	0	0	171	
4	0	0	0	0	171	
5	0	0	0	0	171	
6	0	0	0	0	171	
7	0	0	0	0	171	
8	0	0	0	0	171	
9	0	0	0	0	171	
10	0	0	0	0	171	
11	0	0	0	0	171	
12	0	0	0	0	171	
13	0	0	0	0	171	
14	0	0	0	0	171	
15	0	0	0	0	171	
0	0	0	0	0	171	
1	0	0	0	0	171	
2	0	0	0	0	171	
3	0	0	0	0	171	
4	0	0	0	0	171	
5	0	0	0	0	171	
6	0	0	0	0	171	
7	0	0	0	0	171	
8	0	0	0	0	171	
9	0	0	0	0	171	
10	0	0	0	0	171	
11	0	0	0	0	171	
12	0	0	0	0	171	
13	0	0	0	0	171	
14	0	0	0	0	171	
15	0	0	0	0	171	
0	0	0	0	0	171	
1	0	0	0	0	171	
2	0	0	0	0	171	
3	0	0	0	0	171	
4	0	0	0	0	171	
5	0	0	0	0	171	
6	0	0	0	0	172	
7	0	0	0	0	171	
8	0	0	0	0	171	
9	0	0	0	0	171	
10	0	0	0	0	172	
11	0	0	0	0	171	
12	0	0	0	0	171	
13	0	0	0	0	172	
14	0	0	0	0	172	
15	0	0	0	0	172	
0	0	0	0	0	172	
1	0	0	0	0	172	
2	0	0	0	0	172	
3	0	0	0	0	172	
4	0	0	0	0	172	
5	0	0	0	0	172	
6	0	0	0	0	172	
7	0	0	0	0	172	
8	0	0	0	0	172	
9	0	0	0	0	172	
10	0	0	0	0	172	
11	0	0	0	0	172	
12	0	0	0	0	172	
13	0	0	0	0	172	
14	0	0	0	0	172	
15	0	0	0	0	172	
0	0	0	0	0	172	
1	0	0	0	0	172	
2	0	0	0	0	172	
3	0	0	0	0	172	
4	0	0	0	0	172	
5	0	0	0	0	172	
6	0	0	0	0	172	
7	0	0	0	0	172	
8	0	0	0	0	172	
9	0	0	0	0	172	
10	0	0	0	0	172	
11	0	0	0	0	172	
12	0	0	0	0	172	
13	0	0	0	0	172	
14	0	0	0	0	172	
15	0	0	0	0	172	
0	0	0	0	0	172	
1	0	0	0	0	172	
2	0	0	0	0	172	
3	0	0	0	0	172	
4	0	0	0	0	172	
5	0	0	0	0	172	
6	0	0	0	0	172	
7	0	0	0	0	172	
8	0	0	0	0	172	
9	0	0	0	0	172	
10	0	0	0	0	173	
11	0	0	0	0	173	
12	0	0	0	0	172	
13	0	0	0	0	173	
14	0	0	0	0	173	
15	0	0	0	0	173	
0	0	0	0	0	173	
1	0	0	0	0	173	
2	0	0	0	0	173	
3	0	0	0	0	173	
4	0	0	0	0	173	
5	0	0	0	0	173	
6	0	0	0	0	173	
7	0	0	0	0	173	
8	0	0	0	0	173	
9	0	0	0	0	173	
10	0	0	0	0	173	
11	0	0	0	0	173	
12	0	0	0	0	173	
13	0	0	0	0	173	
14	0	0	0	0	174	
15	0	0	0	0	173	
0	0	0	0	0	173	
1	0	0	0	0	174	
2	0	0	0	0	174	
3	0	0	0	0	174	
4	0	0	0	0	174	
5	0	0	0	0	174	
6	0	0	0	0	174	
7	0	0	0	0	174	
8	0	0	0	0	174	
9	0	0	0	0	174	
10	0	0	0	0	174	
11	0	0	0	0	174	
12	0	0	0	0	174	
13	0	0	0	0	174	
14	0	0	0	0	174	
15	0	0	0	0	174	
0	0	0	0	0	174	
1	0	0	0	0	174	
2	0	0	0	0	174	
3	0	0	0	0	174	
4	0	0	0	0	174	
5	0	0	0	0	174	
6	0	0	0	0	175	
7	0	0	0	0	175	
8	0	0	0	0	175	
9	0	0	0	0	175	
10	0	0	0	0	175	
11	0	0	0	0	175	
12	0	0	0	0	175	
13	0	0	0	0	175	
14	0	0	0	0	175	
15	0	0	0	0	175	
0	0	0	0	0	175	
1	0	0	0	0	175	
2	0	0	0	0	175	
3	0	0	0	0	175	
4	0	0	0	0	175	
5	0	0	0	0	175	
6	0	0	0	0	175	
7	0	0	0	0	175	
8	0	0	0	0	175	
9	0	0	0	0	175	
10	0	0	0	0	175	
11	0	0	0	0	175	
12	0	0	0	0	175	
13	0	0	0	0	176	
14	0	0	0	0	176	
15	0	0	0	0	176	
0	0	0	0	0	176	
1	0	0	0	0	176	
2	0	0	0	0	176	
3	0	0	0	0	176	
4	0	0	0	0	176	
5	0	0	0	0	176	
6	0	0	0	0	176	
7	0	0	0	0	176	
8	0	0	0	0	176	
9	0	0	0	0	176	
10	0	0	0	0	176	
11	0	0	0	0	176	
12	0	0	0	0	176	
13	0	0	0	0	176	
14	0	0	0	0	176	
15	0	0	0	0	176	
0	0	0	0	0	176	
1	0	0	0	0	176	
2	0	0	0	0	176	
3	0	0	0	0	176	
4	0	0	0	0	176	
5	0	0	0	0	176	
6	0	0	0	0	177	
7	0	0	0	0	177	
8	0	0	0	0	176	
9	0	0	0	0	177	
10	0	0	0	0	177	
11	0	0	0	0	177	
12	0	0	0	0	177	
13	0	0	0	0	177	
14	0	0	0	0	177	
15	0	0	0	0	177	
0	0	0	0	0	177	
1	0	0	0	0	177	
2	0	0	0	0	177	
3	0	0	0	0	177	
4	0	0	0	0	177	
5	0	0	0	0	177	
6	0	0	0	0	177	
7	0	0	0	0	177	
8	0	0	0	0	177	
9	0	0	0	0	177	
10	0	0	0	0	177	
11	0	0	0	0	177	
12	0	0	0	0	177	
13	0	0	0	0	177	
14	0	0	0	0	177	
15	0	0	0	0	177	
0	0	0	0	0	177	
1	0	0	0	0	177	
2	0	0	0	0	178	
3	0	0	0	0	177	
4	0	0	0	0	177	
5	0	0	0	0	178	
6	0	0	0	0	178	
7	0	0	0	0	178	
8	0	0	0	0	178	
9	0	0	0	0	178	
10	0	0	0	0	178	
11	0	0	0	0	178	
12	0	0	0	0	178	
13	0	0	0	0	178	
14	0	0	0	0	178	
15	0	0	0	0	178	
0	0	0	0	0	178	
1	0	0	0	0	178	
2	0	0	0	0	178	
3	0	0	0	0	178	
4	0	0	0	0	178	
5	0	0	0	0	178	
6	0	0	0	0	178	
7	0	0	0	0	178	
8	0	0	0	0	178	
9	0	0	0	0	178	
10	0	0	0	0	178	
11	0	0	0	0	178	
12	0	0	0	0	178	
13	0	0	0	0	178	
14	0	0	0	0	178	
15	0	0	0	0	178	
0	0	0	0	0	178	
1	0	0	0	0	178	
2	0	0	0	0	178	
3	0	0	0	0	178	
4	0	0	0	0	178	
5	0	0	0	0	178	
6	0	0	0	0	178	
7	0	0	0	0	178	
8	0	0	0	0	178	
9	0	0	0	0	178	
10	0	0	0	0	178	
11	0	0	0	0	178	
12	0	0	0	0	178	
13	0	0	0	0	178	
14	0	0	0	0	178	
15	0	0	0	0	178	
0	0	0	0	0	178	
1	0	0	0	0	178	
2	0	0	0	0	178	
3	0	0	0	0	178	
4	0	0	0	0	178	
5	0	0	0	0	178	
6	0	0	0	0	178	
7	0	0	0	0	178	
8	0	0	0	0	178	
9	0	0	0	0	178	
10	0	0	0	0	178	
11	0	0	0	0	178	
12	0	0	0	0	178	
13	0	0	0	0	178	
14	0	0	0	0	178	
15	0	0	0	0	178	
0	0	0	0	0	178	
1	0	0	0	0	178	
2	0	0	0	0	178	
3	0	0	0	0	178	
4	0	0	0	0	178	
5	0	0	0	0	178	
6	0	0	0	0	178	
7	0	0	0	0	178	
8	0	0	0	0	178	
9	0	0	0	0	178	
10	0	0	0	0	178	
11	0	0	0	0	178	
12	0	0	0	0	178	
13	0	0	0	0	178	
14	0	0	0	0	178	
15	0	0	0	0	178	
0	0	0	0	0	178	
1	0	0	0	0	178	
2	0	0	0	0	178	
3	0	0	0	0	178	
4	0	0	0	0	178	
5	0	0	0	0	178	
6	0	0	0	0	178	
7	0	0	0	0	178	
8	0	0	0	0	178	
9	0	0	0	0	178	
10	0	0	0	0	178	
11	0	0	0	0	178	
12	0	0	0	0	178	
13	0	0	0	0	178	
14	0	0	0	0	178	
15	0	0	0	0	178	
0	0	0	0	0	178	
1	0	0	0	0	178	
2	0	0	0	0	178	
3	0	0	0	0	178	
4	0	0	0	0	178	
5	0	0	0	0	178	
6	0	0	0	0	178	
7	0	0	0	0	178	
8	0	0	0	0	178	
9	0	0	0	0	178	
10	0	0	0	0	178	
11	0	0	0	0	178	
12	0	0	0	0	178	
13	0	0	0	0	178	
14	0	0	0	0	178	
15	0	0	0	0	178	
0	0	0	0	0	178	
1	0	0	0	0	178	
2	0	0	0	0	178	
3	0	0	0	0	178	
4	0	0	0	0	178	
5	0	0	0	0	178	
6	0	0	0	0	178	
7	0	0	0	0	178	
8	0	0	0	0	178	
9	0	0	0	0	178	
10	0	0	0	0	178	
11	0	0	0	0	178	
12	0	0	0	0	178	
13	0	0	0	0	178	
14	0	0	0	0	178	
15	0	0	0	0	178	
0	0	0	0	0	178	
1	0	0	0	0	178	
2	0	0	0	0	178	
3	0	0	0	0	178	
4	0	0	0	0	178	
5	0	0	0	0	178	
6	0	0	0	0	178	
7	0	0	0	0	178	
8	0	0	0	0	178	
9	0	0	0	0	178	
10	0	0	0	0	178	
11	0	0	0	0	178	
12	0	0	0	0	178	
13	0	0	0	0	178	
14	0	0	0	0	178	
15	0	0	0	0	178	
0	0	0	0	0	178	
1	0	0	0	0	178	
2	0	0	0	0	178	
3	0	0	0	0	178	
4	0	0	0	0	178	
5	0	0	0	0	178	
6	0	0	0	0	178	
7	0	0	0	0	178	
8	0	0	0	0	178	
9	0	0	0	0	178	
10	0	0	0	0	178	
11	0	0	0	0	178	
12	0	0	0	0	178	
13	0	0	0	0	178	
14	0	0	0	0	178	
15	0	0	0	0	178	
0	0	0	0	0	178	
1	0	0	0	0	178	
2	0	0	0	0	178	
3	0	0	0	0	178	
4	0	0	0	0	178	
5	0	0	0	0	178	
6	0	0	0	0	178	
7	0	0	0	0	178	
8	0	0	0	0	178	
9	0	0	0	0	178	
10	0	0	0	0	178	
11	0	0	0	0	178	
12	0	0	0	0	178	
13	0	0	0	0	178	
14	0	0	0	0	179	
15	0	0	0	0	179	
0	0	0	0	0	179	
1	0	0	0	0	179	
2	0	0	0	0	179	
3	0	0	0	0	179	
4	0	0	0	0	179	
5	0	0	0	0	179	
6	0	0	0	0	179	
7	0	0	0	0	179	
8	0	0	0	0	179	
9	0	0	0	0	179	
10	0	0	0	0	179	
11	0	0	0	0	179	
12	0	0	0	0	179	
13	0	0	0	0	179	
14	0	0	0	0	179	
15	0	0	0	0	179	
0	0	0	0	0	179	
1	0	0	0	0	179	
2	0	0	0	0	179	
3	0	0	0	0	179	
4	0	0	0	0	179	
5	0	0	0	0	179	
6	0	0	0	0	179	
7	0	0	0	0	179	
8	0	0	0	0	179	
9	0	0	0	0	179	
10	0	0	0	0	179	
11	0	0	0	0	179	
12	0	0	0	0	179	
13	0	0	0	0	179	
14	0	0	0	0	179	
15	0	0	0	0	179	
0	0	0	0	0	179	
1	0	0	0	0	179	
2	0	0	0	0	179	
3	0	0	0	0	179	
4	0	0	0	0	179	
5	0	0	0	0	179	
6	0	0	0	0	180	
7	0	0	0	0	180	
8	0	0	0	0	180	
9	0	0	0	0	180	
10	0	0	0	0	180	
11	0	0	0	0	180	
12	0	0	0	0	180	
13	0	0	0	0	180	
14	0	0	0	0	180	
15	0	0	0	0	180	
0	0	0	0	0	180	
1	0	0	0	0	180	
2	0	0	0	0	180	
3	0	0	0	0	180	
4	0	0	0	0	180	
5	0	0	0	0	180	
6	0	0	0	0	180	
7	0	0	0	0	180	
8	0	0	0	0	180	
9	0	0	0	0	180	
10	0	0	0	0	180	
11	0	0	0	0	180	
12	0	0	0	0	180	
13	0	0	0	0	180	
14	0	0	0	0	181	
15	0	0	0	0	181	
0	0	0	0	0	181	
1	0	0	0	0	181	
2	0	0	0	0	181	
3	0	0	0	0	181	
4	0	0	0	0	181	
5	0	0	0	0	181	
6	0	0	0	0	181	
7	0	0	0	0	181	
8	0	0	0	0	181	
9	0	0	0	0	181	
10	0	0	0	0	181	
11	0	0	0	0	181	
12	0	0	0	0	181	
13	0	0	0	0	181	
14	0	0	0	0	181	
15	0	0	0	0	181	
0	0	0	0	0	181	
1	0	0	0	0	181	
2	0	0	0	0	181	
3	0	0	0	0	181	
4	0	0	0	0	181	
5	0	0	0	0	181	
6	0	0	0	0	182	
7	0	0	0	0	181	
8	0	0	0	0	182	
9	0	0	0	0	182	
10	0	0	0	0	182	
11	0	0	0	0	182	
12	0	0	0	0	182	
13	0	0	0	0	182	
14	0	0	0	0	182	
15	0	0	0	0	182	
0	0	0	0	0	182	
1	0	0	0	0	182	
2	0	0	0	0	182	
3	0	0	0	0	182	
4	0	0	0	0	182	
5	0	0	0	0	182	
6	0	0	0	0	182	
7	0	0	0	0	182	
8	0	0	0	0	182	
9	0	0	0	0	182	
10	0	0	0	0	182	
11	0	0	0	0	182	
12	0	0	0	0	182	
13	0	0	0	0	182	
14	0	0	0	0	182	
15	0	0	0	0	182	
0	0	0	0	0	182	
1	0	0	0	0	182	
2	0	0	0	0	183	
3	0	0	0	0	183	
4	0	0	0	0	182	
5	0	0	0	0	183	
6	0	0	0	0	183	
7	0	0	0	0	183	
8	0	0	0	0	183	
9	0	0	0	0	183	
10	0	0	0	0	183	
11	0	0	0	0	183	
12	0	0	0	0	183	
13	0	0	0	0	183	
14	0	0	0	0	183	
15	0	0	0	0	183	
0	0	0	0	0	183	
1	0	0	0	0	183	
2	0	0	0	0	183	
3	0	0	0	0	183	
4	0	0	0	0	183	
5	0	0	0	0	183	
6	0	0	0	0	183	
7	0	0	0	0	183	
8	0	0	0	0	183	
9	0	0	0	0	183	
10	0	0	0	0	183	
11	0	0	0	0	183	
12	0	0	0	0	183	
13	0	0	0	0	183	
14	0	0	0	0	183	
15	0	0	0	0	183	
0	0	0	0	0	183	
1	0	0	0	0	183	
2	0	0	0	0	183	
3	0	0	0	0	183	
4	0	0	0	0	183	
5	0	0	0	0	183	
6	0	0	0	0	184	
7	0	0	0	0	183	
8	0	0	0	0	183	
9	0	0	0	0	183	
10	0	0	0	0	184	
11	0	0	0	0	184	
12	0	0	0	0	183	
13	0	0	0	0	184	
14	0	0	0	0	184	
15	0	0	0	0	184	
0	0	0	0	0	184	
1	0	0	0	0	184	
2	0	0	0	0	184	
3	0	0	0	0	184	
4	0	0	0	0	184	
5	0	0	0	0	184	
6	0	0	0	0	184	
7	0	0	0	0	184	
8	0	0	0	0	184	
9	0	0	0	0	184	
10	0	0	0	0	184	
11	0	0	0	0	184	
12	0	0	0	0	184	
13	0	0	0	0	184	
14	0	0	0	0	184	
15	0	0	0	0	184	
0	0	0	0	0	184	
1	0	0	0	0	184	
2	0	0	0	0	184	
3	0	0	0	0	184	
4	0	0	0	0	184	
5	0	0	0	0	184	
6	0	0	0	0	184	
7	0	0	0	0	184	
8	0	0	0	0	184	
9	0	0	0	0	184	
10	0	0	0	0	184	
11	0	0	0	0	184	
12	0	0	0	0	184	
13	0	0	0	0	184	
14	0	0	0	0	184	
15	0	0	0	0	184	
0	0	0	0	0	184	
1	0	0	0	0	184	
2	0	0	0	0	184	
3	0	0	0	0	184	
4	0	0	0	0	184	
5	0	0	0	0	184	
6	0	0	0	0	184	
7	0	0	0	0	184	
8	0	0	0	0	184	
9	0	0	0	0	184	
10	0	0	0	0	184	
11	0	0	0	0	184	
12	0	0	0	0	184	
13	0	0	0	0	184	
14	0	0	0	0	184	
15	0	0	0	0	184	
0	0	0	0	0	184	
1	0	0	0	0	184	
2	0	0	0	0	184	
3	0	0	0	0	184	
4	0	0	0	0	184	
5	0	0	0	0	184	
6	0	0	0	0	185	
7	0	0	0	0	185	
8	0	0	0	0	184	
9	0	0	0	0	185	
10	0	0	0	0	185	
11	0	0	0	0	185	
12	0	0	0	0	185	
13	0	0	0	0	185	
14	0	0	0	0	185	
15	0	0	0	0	185	
0	0	0	0	0	185	
1	0	0	0	0	185	
2	0	0	0	0	185	
3	0	0	0	0	185	
4	0	0	0	0	185	
5	0	0	0	0	185	
6	0	0	0	0	185	
7	0	0	0	0	185	
8	0	0	0	0	185	
9	0	0	0	0	185	
10	0	0	0	0	185	
11	0	0	0	0	185	
12	0	0	0	0	185	
13	0	0	0	0	185	
14	0	0	0	0	185	
15	0	0	0	0	185	
0	0	0	0	0	185	
1	0	0	0	0	185	
2	0	0	0	0	185	
3	0	0	0	0	185	
4	0	0	0	0	185	
5	0	0	0	0	185	
6	0	0	0	0	185	
7	0	0	0	0	185	
8	0	0	0	0	185	
9	0	0	0	0	185	
10	0	0	0	0	185	
11	0	0	0	0	185	
12	0	0	0	0	185	
13	0	0	0	0	185	
14	0	0	0	0	185	
15	0	0	0	0	185	
0	0	0	0	0	185	
1	0	0	0	0	185	
2	0	0	0	0	185	
3	0	0	0	0	185	
4	0	0	0	0	185	
5	0	0	0	0	185	
6	0	0	0	0	184	
7	0	0	0	0	184	
8	0	0	0	0	184	
9	0	0	0	0	184	
10	0	0	0	0	185	
11	0	0	0	0	185	
12	0	0	0	0	185	
13	0	0	0	0	185	
14	0	0	0	0	185	
15	0	0	0	0	185	
0	0	0	0	0	185	
1	0	0	0	0	185	
2	0	0	0	0	185	
3	0	0	0	0	185	
4	0	0	0	0	185	
5	0	0	0	0	185	
6	0	0	0	0	185	
7	0	0	0	0	185	
8	0	0	0	0	185	
9	0	0	0	0	185	
10	0	0	0	0	185	
11	0	0	0	0	185	
12	0	0	0	0	185	
13	0	0	0	0	185	
14	0	0	0	0	185	
15	0	0	0	0	185	
0	0	0	0	0	185	
1	0	0	0	0	185	
2	0	0	0	0	185	
3	0	0	0	0	185	
4	0	0	0	0	185	
5	0	0	0	0	185	
6	0	0	0	0	185	
7	0	0	0	0	185	
8	0	0	0	0	185	
9	0	0	0	0	185	
10	0	0	0	0	185	
11	0	0	0	0	185	
12	0	0	0	0	185	
13	0	0	0	0	185	
14	0	0	0	0	185	
15	0	0	0	0	185	
0	0	0	0	0	185	
1	0	0	0	0	185	
2	0	0	0	0	185	
3	0	0	0	0	185	
4	0	0	0	0	185	
5	0	0	0	0	185	
6	0	0	0	0	185	
7	0	0	0	0	185	
8	0	0	0	0	185	
9	0	0	0	0	185	
10	0	0	0	0	185	
11	0	0	0	0	185	
12	0	0	0	0	185	
13	0	0	0	0	185	
14	0	0	0	0	185	
15	0	0	0	0	185	
0	0	0	0	0	185	
1	0	0	0	0	185	
2	0	0	0	0	185	
3	0	0	0	0	185	
4	0	0	0	0	185	
5	0	0	0	0	185	
6	0	0	0	0	185	
7	0	0	0	0	185	
8	0	0	0	0	185	
9	0	0	0	0	185	
10	0	0	0	0	185	
11	0	0	0	0	185	
12	0	0	0	0	185	
13	0	0	0	0	185	
14	0	0	0	0	185	
15	0	0	0	0	185	
0	0	0	0	0	185	
1	0	0	0	0	185	
2	0	0	0	0	185	
3	0	0	0	0	185	
4	0	0	0	0	185	
5	0	0	0	0	185	
6	0	0	0	0	185	
7	0	0	0	0	185	
8	0	0	0	0	185	
9	0	0	0	0	185	
10	0	0	0	0	185	
11	0	0	0	0	185	
12	0	0	0	0	185	
13	0	0	0	0	185	
14	0	0	0	0	185	
15	0	0	0	0	185	
0	0	0	0	0	185	
1	0	0	0	0	185	
2	0	0	0	0	186	
3	0	0	0	0	185	
4	0	0	0	0	185	
5	0	0	0	0	185	
6	0	0	0	0	186	
7	0	0	0	0	185	
8	0	0	0	0	185	
9	0	0	0	0	186	
10	0	0	0	0	186	
11	0	0	0	0	186	
12	0	0	0	0	185	
13	0	0	0	0	186	
14	0	0	0	0	186	
15	0	0	0	0	186	
0	0	0	0	0	186	
1	0	0	0	0	186	
2	0	0	0	0	186	
3	0	0	0	0	186	
4	0	0	0	0	186	
5	0	0	0	0	186	
6	0	0	0	0	186	
7	0	0	0	0	186	
8	0	0	0	0	186	
9	0	0	0	0	186	
10	0	0	0	0	186	
11	0	0	0	0	186	
12	0	0	0	0	186	
13	0	0	0	0	186	
14	0	0	0	0	186	
15	0	0	0	0	186	
0	0	0	0	0	186	
1	0	0	0	0	186	
2	0	0	0	0	186	
3	0	0	0	0	186	
4	0	0	0	0	186	
5	0	0	0	0	186	
6	0	0	0	0	186	
7	0	0	0	0	186	
8	0	0	0	0	186	
9	0	0	0	0	186	
10	0	0	0	0	186	
11	0	0	0	0	186	
12	0	0	0	0	186	
13	0	0	0	0	186	
14	0	0	0	0	186	
15	0	0	0	0	186	
0	0	0	0	0	186	
1	0	0	0	0	186	
2	0	0	0	0	186	
3	0	0	0	0	186	
4	0	0	0	0	186	
5	0	0	0	0	186	
6	0	0	0	0	186	
7	0	0	0	0	186	
8	0	0	0	0	186	
9	0	0	0	0	186	
10	0	0	0	0	186	
11	0	0	0	0	186	
12	0	0	0	0	186	
13	0	0	0	0	186	
14	0	0	0	0	186	
15	0	0	0	0	186	
0	0	0	0	0	186	
1	0	0	0	0	186	
2	0	0	0	0	187	
3	0	0	0	0	187	
4	0	0	0	0	187	
5	0	0	0	0	187	
6	0	0	0	0	187	
7	0	0	0	0	187	
8	0	0	0	0	187	
9	0	0	0	0	187	
10	0	0	0	0	187	
11	0	0	0	0	187	
12	0	0	0	0	187	
13	0	0	0	0	187	
14	0	0	0	0	187	
15	0	0	0	0	187	
0	0	0	0	0	187	
1	0	0	0	0	187	
2	0	0	0	0	187	
3	0	0	0	0	187	
4	0	0	0	0	187	
5	0	0	0	0	187	
6	0	0	0	0	187	
7	0	0	0	0	187	
8	0	0	0	0	187	
9	0	0	0	0	187	
10	0	0	0	0	187	
11	0	0	0	0	187	
12	0	0	0	0	187	
13	0	0	0	0	187	
14	0	0	0	0	187	
15	0	0	0	0	187	
0	0	0	0	0	188	
1	0	0	0	0	188	
2	0	0	0	0	188	
3	0	0	0	0	188	
4	0	0	0	0	188	
5	0	0	0	0	188	
6	0	0	0	0	188	
7	0	0	0	0	188	
8	0	0	0	0	188	
9	0	0	0	0	188	
10	0	0	0	0	188	
11	0	0	0	0	188	
12	0	0	0	0	188	
13	0	0	0	0	188	
14	0	0	0	0	188	
15	0	0	0	0	188	
0	0	0	0	0	188	
1	0	0	0	0	188	
2	0	0	0	0	189	
3	0	0	0	0	189	
4	0	0	0	0	189	
5	0	0	0	0	189	
6	0	0	0	0	189	
7	0	0	0	0	189	
8	0	0	0	0	189	
9	0	0	0	0	189	
10	0	0	0	0	189	
11	0	0	0	0	189	
12	0	0	0	0	189	
13	0	0	0	0	189	
14	0	0	0	0	189	
15	0	0	0	0	189	
0	0	0	0	0	189	
1	0	0	0	0	190	
2	0	0	0	0	190	
3	0	0	0	0	190	
4	0	0	0	0	190	
5	0	0	0	0	190	
6	0	0	0	0	190	
7	0	0	0	0	190	
8	0	0	0	0	190	
9	0	0	0	0	190	
10	0	0	0	0	190	
11	0	0	0	0	190	
12	0	0	0	0	190	
13	0	0	0	0	190	
14	0	0	0	0	190	
15	0	0	0	0	190	
0	0	0	0	0	190	
1	0	0	0	0	190	
2	0	0	0	0	190	
3	0	0	0	0	190	
4	0	0	0	0	190	
5	0	0	0	0	190	
6	0	0	0	0	190	
7	0	0	0	0	190	
8	0	0	0	0	190	
9	0	0	0	0	190	
10	0	0	0	0	190	
11	0	0	0	0	190	
12	0	0	0	0	190	
13	0	0	0	0	190	
14	0	0	0	0	190	
15	0	0	0	0	190	
0	0	0	0	0	190	
1	0	0	0	0	190	
2	0	0	0	0	190	
3	0	0	0	0	190	
4	0	0	0	0	190	
5	0	0	0	0	190	
6	0	0	0	0	190	
7	0	0	0	0	190	
8	0	0	0	0	190	
9	0	0	0	0	191	
10	0	0	0	0	191	
11	0	0	0	0	191	
12	0	0	0	0	191	
13	0	0	0	0	191	
14	0	0	0	0	191	
15	0	0	0	0	190	
0	0	0	0	0	190	
1	0	0	0	0	190	
2	0	0	0	0	190	
3	0	0	0	0	190	
4	0	0	0	0	190	
5	0	0	0	0	190	
6	0	0	0	0	190	
7	0	0	0	0	190	
8	0	0	0	0	190	
9	0	0	0	0	190	
10	0	0	0	0	190	
11	0	0	0	0	190	
12	0	0	0	0	190	
13	0	0	0	0	190	
14	0	0	0	0	190	
15	0	0	0	0	190	
0	0	0	0	0	190	
1	0	0	0	0	190	
2	0	0	0	0	190	
3	0	0	0	0	190	
4	0	0	0	0	190	
5	0	0	0	0	190	
6	0	0	0	0	190	
7	0	0	0	0	190	
8	0	0	0	0	190	
9	0	0	0	0	190	
10	0	0	0	0	190	
11	0	0	0	0	190	
12	0	0	0	0	190	
13	0	0	0	0	190	
14	0	0	0	0	190	
15	0	0	0	0	190	
0	0	0	0	0	190	
1	0	0	0	0	190	
2	0	0	0	0	191	
3	0	0	0	0	190	
4	0	0	0	0	190	
5	0	0	0	0	190	
6	0	0	0	0	191	
7	0	0	0	0	191	
8	0	0	0	0	191	
9	0	0	0	0	191	
10	0	0	0	0	191	
11	0	0	0	0	191	
12	0	0	0	0	191	
13	0	0	0	0	191	
14	0	0	0	0	191	
15	0	0	0	0	191	
0	0	0	0	0	191	
1	0	0	0	0	191	
2	0	0	0	0	191	
3	0	0	0	0	191	
4	0	0	0	0	191	
5	0	0	0	0	191	
6	0	0	0	0	191	
7	0	0	0	0	191	
8	0	0	0	0	191	
9	0	0	0	0	191	
10	0	0	0	0	191	
11	0	0	0	0	191	
12	0	0	0	0	191	
13	0	0	0	0	191	
14	0	0	0	0	191	
15	0	0	0	0	191	
0	0	0	0	0	191	
1	0	0	0	0	191	
2	0	0	0	0	192	
3	0	0	0	0	192	
4	0	0	0	0	192	
5	0	0	0	0	192	
6	0	0	0	0	192	
7	0	0	0	0	192	
8	0	0	0	0	192	
9	0	0	0	0	192	
10	0	0	0	0	192	
11	0	0	0	0	192	
12	0	0	0	0	192	
13	0	0	0	0	193	
14	0	0	0	0	193	
15	0	0	0	0	193	
0	0	0	0	0	193	
1	0	0	0	0	193	
2	0	0	0	0	193	
3	0	0	0	0	193	
4	0	0	0	0	193	
5	0	0	0	0	193	
6	0	0	0	0	193	
7	0	0	0	0	193	
8	0	0	0	0	193	
9	0	0	0	0	193	
10	0	0	0	0	193	
11	0	0	0	0	193	
12	0	0	0	0	193	
13	0	0	0	0	194	
14	0	0	0	0	194	
15	0	0	0	0	194	
0	0	0	0	0	194	
1	0	0	0	0	194	
2	0	0	0	0	194	
3	0	0	0	0	194	
4	0	0	0	0	194	
5	0	0	0	0	194	
6	0	0	0	0	194	
7	0	0	0	0	194	
8	0	0	0	0	194	
9	0	0	0	0	194	
10	0	0	0	0	195	
11	0	0	0	0	195	
12	0	0	0	0	195	
13	0	0	0	0	195	
14	0	0	0	0	195	
15	0	0	0	0	195	
0	0	0	0	0	195	
1	0	0	0	0	195	
2	0	0	0	0	195	
3	0	0	0	0	195	
4	0	0	0	0	195	
5	0	0	0	0	195	
6	0	0	0	0	195	
7	0	0	0	0	195	
8	0	0	0	0	195	
9	0	0	0	0	195	
10	0	0	0	0	196	
11	0	0	0	0	196	
12	0	0	0	0	196	
13	0	0	0	0	196	
14	0	0	0	0	196	
15	0	0	0	0	196	
0	0	0	0	0	195	
1	0	0	0	0	195	
2	0	0	0	0	195	
3	0	0	0	0	195	
4	0	0	0	0	195	
5	0	0	0	0	195	
6	0	0	0	0	195	
7	0	0	0	0	195	
8	0	0	0	0	195	
9	0	0	0	0	195	
10	0	0	0	0	196	
11	0	0	0	0	196	
12	0	0	0	0	196	
13	0	0	0	0	196	
14	0	0	0	0	196	
15	0	0	0	0	196	
0	0	0	0	0	196	
1	0	0	0	0	196	
2	0	0	0	0	196	
3	0	0	0	0	196	
4	0	0	0	0	196	
5	0	0	0	0	196	
6	0	0	0	0	196	
7	0	0	0	0	196	
8	0	0	0	0	196	
9	0	0	0	0	196	
10	0	0	0	0	197	
11	0	0	0	0	197	
12	0	0	0	0	197	
13	0	0	0	0	197	
14	0	0	0	0	198	
15	0	0	0	0	198	
0	0	0	0	0	198	
1	0	0	0	0	198	
2	0	0	0	0	198	
3	0	0	0	0	198	
4	0	0	0	0	198	
5	0	0	0	0	198	
6	0	0	0	0	198	
7	0	0	0	0	198	
8	0	0	0	0	198	
9	0	0	0	0	198	
10	0	0	0	0	198	
11	0	0	0	0	198	
12	0	0	0	0	198	
13	0	0	0	0	198	
14	0	0	0	0	198	
15	0	0	0	0	198	
0	0	0	0	0	198	
1	0	0	0	0	198	
2	0	0	0	0	198	
3	0	0	0	0	198	
4	0	0	0	0	198	
5	0	0	0	0	198	
6	0	0	0	0	198	
7	0	0	0	0	199	
8	0	0	0	0	199	
9	0	0	0	0	199	
10	0	0	0	0	199	
11	0	0	0	0	199	
12	0	0	0	0	199	
13	0	0	0	0	199	
14	0	0	0	0	199	
15	0	0	0	0	199	
0	0	0	0	0	199	
1	0	0	0	0	199	
2	0	0	0	0	199	
3	0	0	0	0	199	
4	0	0	0	0	199	
5	0	0	0	0	199	
6	0	0	0	0	199	
7	0	0	0	0	199	
8	0	0	0	0	199	
9	0	0	0	0	199	
10	0	0	0	0	199	
11	0	0	0	0	199	
12	0	0	0	0	199	
13	0	0	0	0	199	
14	0	0	0	0	199	
15	0	0	0	0	199	
0	0	0	0	0	199	
1	0	0	0	0	199	
2	0	0	0	0	200	
3	0	0	0	0	199	
4	0	0	0	0	199	
5	0	0	0	0	200	
6	0	0	0	0	200	
7	0	0	0	0	200	
8	0	0	0	0	200	
9	0	0	0	0	200	
10	0	0	0	0	200	
11	0	0	0	0	200	
12	0	0	0	0	199	
13	0	0	0	0	200	
14	0	0	0	0	200	
15	0	0	0	0	200	
0	0	0	0	0	200	
1	0	0	0	0	200	
2	0	0	0	0	200	
3	0	0	0	0	200	
4	0	0	0	0	200	
5	0	0	0	0	200	
6	0	0	0	0	200	
7	0	0	0	0	200	
8	0	0	0	0	200	
9	0	0	0	0	200	
10	0	0	0	0	200	
11	0	0	0	0	200	
12	0	0	0	0	200	
13	0	0	0	0	200	
14	0	0	0	0	200	
15	0	0	0	0	200	
0	0	0	0	0	200	
1	0	0	0	0	200	
2	0	0	0	0	200	
3	0	0	0	0	200	
4	0	0	0	0	200	
5	0	0	0	0	200	
6	0	0	0	0	200	
7	0	0	0	0	200	
8	0	0	0	0	200	
9	0	0	0	0	200	
10	0	0	0	0	200	
11	0	0	0	0	200	
12	0	0	0	0	200	
13	0	0	0	0	200	
14	0	0	0	0	201	
15	0	0	0	0	201	
0	0	0	0	0	200	
1	0	0	0	0	200	
2	0	0	0	0	201	
3	0	0	0	0	201	
4	0	0	0	0	200	
5	0	0	0	0	201	
6	0	0	0	0	201	
7	0	0	0	0	201	
8	0	0	0	0	201	
9	0	0	0	0	201	
10	0	0	0	0	201	
11	0	0	0	0	201	
12	0	0	0	0	201	
13	0	0	0	0	201	
14	0	0	0	0	201	
15	0	0	0	0	201	
0	0	0	0	0	201	
1	0	0	0	0	201	
2	0	0	0	0	201	
3	0	0	0	0	201	
4	0	0	0	0	201	
5	0	0	0	0	201	
6	0	0	0	0	201	
7	0	0	0	0	201	
8	0	0	0	0	201	
9	0	0	0	0	201	
10	0	0	0	0	201	
11	0	0	0	0	201	
12	0	0	0	0	201	
13	0	0	0	0	201	
14	0	0	0	0	201	
15	0	0	0	0	202	
0	0	0	0	0	201	
1	0	0	0	0	202	
2	0	0	0	0	202	
3	0	0	0	0	202	
4	0	0	0	0	201	
5	0	0	0	0	202	
6	0	0	0	0	202	
7	0	0	0	0	202	
8	0	0	0	0	202	
9	0	0	0	0	202	
10	0	0	0	0	202	
11	0	0	0	0	202	
12	0	0	0	0	202	
13	0	0	0	0	202	
14	0	0	0	0	202	
15	0	0	0	0	202	
0	0	0	0	0	202	
1	0	0	0	0	202	
2	0	0	0	0	202	
3	0	0	0	0	202	
4	0	0	0	0	202	
5	0	0	0	0	202	
6	0	0	0	0	202	
7	0	0	0	0	202	
8	0	0	0	0	202	
9	0	0	0	0	202	
10	0	0	0	0	202	
11	0	0	0	0	202	
12	0	0	0	0	202	
13	0	0	0	0	202	
14	0	0	0	0	202	
15	0	0	0	0	202	
0	0	0	0	0	202	
1	0	0	0	0	202	
2	0	0	0	0	202	
3	0	0	0	0	202	
4	0	0	0	0	202	
5	0	0	0	0	202	
6	0	0	0	0	203	
7	0	0	0	0	202	
8	0	0	0	0	202	
9	0	0	0	0	203	
10	0	0	0	0	203	
11	0	0	0	0	202	
12	0	0	0	0	202	
13	0	0	0	0	202	
14	0	0	0	0	203	
15	0	0	0	0	203	
0	0	0	0	0	202	
1	0	0	0	0	203	
2	0	0	0	0	203	
3	0	0	0	0	203	
4	0	0	0	0	203	
5	0	0	0	0	203	
6	0	0	0	0	203	
7	0	0	0	0	203	
8	0	0	0	0	203	
9	0	0	0	0	203	
10	0	0	0	0	203	
11	0	0	0	0	203	
12	0	0	0	0	203	
13	0	0	0	0	203	
14	0	0	0	0	203	
15	0	0	0	0	203	
0	0	0	0	0	203	
1	0	0	0	0	203	
2	0	0	0	0	203	
3	0	0	0	0	203	
4	0	0	0	0	203	
5	0	0	0	0	203	
6	0	0	0	0	203	
7	0	0	0	0	203	
8	0	0	0	0	203	
9	0	0	0	0	203	
10	0	0	0	0	203	
11	0	0	0	0	203	
12	0	0	0	0	203	
13	0	0	0	0	203	
14	0	0	0	0	203	
15	0	0	0	0	203	
0	0	0	0	0	203	
1	0	0	0	0	203	
2	0	0	0	0	203	
3	0	0	0	0	203	
4	0	0	0	0	203	
5	0	0	0	0	203	
6	0	0	0	0	203	
7	0	0	0	0	203	
8	0	0	0	0	203	
9	0	0	0	0	203	
10	0	0	0	0	203	
11	0	0	0	0	203	
12	0	0	0	0	203	
13	0	0	0	0	203	
14	0	0	0	0	203	
15	0	0	0	0	203	
0	0	0	0	0	203	
1	0	0	0	0	203	
2	0	0	0	0	203	
3	0	0	0	0	203	
4	0	0	0	0	203	
5	0	0	0	0	203	
6	0	0	0	0	203	
7	0	0	0	0	203	
8	0	0	0	0	203	
9	0	0	0	0	203	
10	0	0	0	0	203	
11	0	0	0	0	203	
12	0	0	0	0	203	
13	0	0	0	0	203	
14	0	0	0	0	203	
15	0	0	0	0	203	
0	0	0	0	0	203	
1	0	0	0	0	203	
2	0	0	0	0	203	
3	0	0	0	0	203	
4	0	0	0	0	203	
5	0	0	0	0	203	
6	0	0	0	0	203	
7	0	0	0	0	203	
8	0	0	0	0	203	
9	0	0	0	0	203	
10	0	0	0	0	203	
11	0	0	0	0	203	
12	0	0	0	0	203	
13	0	0	0	0	203	
14	0	0	0	0	203	
15	0	0	0	0	203	
0	0	0	0	0	203	
1	0	0	0	0	203	
2	0	0	0	0	203	
3	0	0	0	0	203	
4	0	0	0	0	203	
5	0	0	0	0	203	
6	0	0	0	0	203	
7	0	0	0	0	203	
8	0	0	0	0	203	
9	0	0	0	0	203	
10	0	0	0	0	203	
11	0	0	0	0	203	
12	0	0	0	0	203	
13	0	0	0	0	203	
14	0	0	0	0	203	
15	0	0	0	0	203	
0	0	0	0	0	203	
1	0	0	0	0	203	
2	0	0	0	0	203	
3	0	0	0	0	203	
4	0	0	0	0	203	
5	0	0	0	0	203	
6	0	0	0	0	203	
7	0	0	0	0	203	
8	0	0	0	0	203	
9	0	0	0	0	203	
10	0	0	0	0	203	
11	0	0	0	0	203	
12	0	0	0	0	203	
13	0	0	0	0	203	
14	0	0	0	0	203	
15	0	0	0	0	203	
0	0	0	0	0	203	
1	0	0	0	0	203	
2	0	0	0	0	204	
3	0	0	0	0	203	
4	0	0	0	0	203	
5	0	0	0	0	203	
6	0	0	0	0	204	
7	0	0	0	0	204	
8	0	0	0	0	203	
9	0	0	0	0	204	
10	0	0	0	0	204	
11	0	0	0	0	203	
12	0	0	0	0	203	
13	0	0	0	0	204	
14	0	0	0	0	204	
15	0	0	0	0	204	
0	0	0	0	0	204	
1	0	0	0	0	204	
2	0	0	0	0	204	
3	0	0	0	0	204	
4	0	0	0	0	204	
5	0	0	0	0	204	
6	0	0	0	0	204	
7	0	0	0	0	204	
8	0	0	0	0	204	
9	0	0	0	0	204	
10	0	0	0	0	204	
11	0	0	0	0	204	
12	0	0	0	0	204	
13	0	0	0	0	204	
14	0	0	0	0	204	
15	0	0	0	0	204	
0	0	0	0	0	204	
1	0	0	0	0	204	
2	0	0	0	0	204	
3	0	0	0	0	204	
4	0	0	0	0	204	
5	0	0	0	0	204	
6	0	0	0	0	204	
7	0	0	0	0	204	
8	0	0	0	0	204	
9	0	0	0	0	204	
10	0	0	0	0	204	
11	0	0	0	0	204	
12	0	0	0	0	204	
13	0	0	0	0	204	
14	0	0	0	0	204	
15	0	0	0	0	204	
0	0	0	0	0	204	
1	0	0	0	0	204	
2	0	0	0	0	204	
3	0	0	0	0	204	
4	0	0	0	0	204	
5	0	0	0	0	204	
6	0	0	0	0	204	
7	0	0	0	0	204	
8	0	0	0	0	203	
9	0	0	0	0	204	
10	0	0	0	0	204	
11	0	0	0	0	204	
12	0	0	0	0	203	
13	0	0	0	0	204	
14	0	0	0	0	204	
15	0	0	0	0	203	
0	0	0	0	0	203	
1	0	0	0	0	203	
2	0	0	0	0	204	
3	0	0	0	0	203	
4	0	0	0	0	203	
5	0	0	0	0	204	
6	0	0	0	0	204	
7	0	0	0	0	203	
8	0	0	0	0	203	
9	0	0	0	0	203	
10	0	0	0	0	204	
11	0	0	0	0	204	
12	0	0	0	0	203	
13	0	0	0	0	204	
14	0	0	0	0	204	
15	0	0	0	0	204	
0	0	0	0	0	203	
1	0	0	0	0	204	
2	0	0	0	0	204	
3	0	0	0	0	204	
4	0	0	0	0	204	
5	0	0	0	0	204	
6	0	0	0	0	204	
7	0	0	0	0	204	
8	0	0	0	0	204	
9	0	0	0	0	204	
10	0	0	0	0	204	
11	0	0	0	0	204	
12	0	0	0	0	204	
13	0	0	0	0	204	
14	0	0	0	0	204	
15	0	0	0	0	204	
0	0	0	0	0	204	
1	0	0	0	0	204	
2	0	0	0	0	204	
3	0	0	0	0	204	
4	0	0	0	0	203	
5	0	0	0	0	203	
6	0	0	0	0	203	
7	0	0	0	0	203	
8	0	0	0	0	203	
9	0	0	0	0	204	
10	0	0	0	0	204	
11	0	0	0	0	204	
12	0	0	0	0	204	
13	0	0	0	0	204	
14	0	0	0	0	204	
15	0	0	0	0	205	
0	0	0	0	0	204	
1	0	0	0	0	205	
2	0	0	0	0	205	
3	0	0	0	0	205	
4	0	0	0	0	205	
5	0	0	0	0	205	
6	0	0	0	0	206	
7	0	0	0	0	206	
8	0	0	0	0	206	
9	0	0	0	0	206	
10	0	0	0	0	206	
11	0	0	0	0	206	
12	0	0	0	0	206	
13	0	0	0	0	207	
14	0	0	0	0	207	
15	0	0	0	0	207	
0	0	0	0	0	207	
1	0	0	0	0	207	
2	0	0	0	0	207	
3	0	0	0	0	208	
4	0	0	0	0	208	
5	0	0	0	0	208	
6	0	0	0	0	208	
7	0	0	0	0	209	
8	0	0	0	0	209	
9	0	0	0	0	209	
10	0	0	0	0	209	
11	0	0	0	0	209	
12	0	0	0	0	209	
13	0	0	0	0	210	
14	0	0	0	0	210	
15	0	0	0	0	210	
0	0	0	0	0	210	
1	0	0	0	0	211	
2	0	0	0	0	211	
3	0	0	0	0	211	
4	0	0	0	0	211	
5	0	0	0	0	212	
6	0	0	0	0	212	
7	0	0	0	0	212	
8	0	0	0	0	212	
9	0	0	0	0	213	
10	0	0	0	0	213	
11	0	0	0	0	213	
12	0	0	0	0	213	
13	0	0	0	0	214	
14	0	0	0	0	214	
15	0	0	0	0	214	
0	0	0	0	0	215	
1	0	0	0	0	215	
2	0	0	0	0	215	
3	0	0	0	0	215	
4	0	0	0	0	216	
5	0	0	0	0	216	
6	0	0	0	0	216	
7	0	0	0	0	216	
8	0	0	0	0	216	
9	0	0	0	0	217	
10	0	0	0	0	217	
11	0	0	0	0	217	
12	0	0	0	0	217	
13	0	0	0	0	218	
14	0	0	0	0	218	
15	0	0	0	0	218	
0	0	0	0	0	218	
1	0	0	0	0	219	
2	0	0	0	0	219	
3	0	0	0	0	219	
4	0	0	0	0	219	
5	0	0	0	0	219	
6	0	0	0	0	220	
7	0	0	0	0	220	
8	0	0	0	0	220	
9	0	0	0	0	220	
10	0	0	0	0	220	
11	0	0	0	0	220	
12	0	0	0	0	221	
13	0	0	0	0	221	
14	0	0	0	0	221	
15	0	0	0	0	221	
0	0	0	0	0	222	
1	0	0	0	0	222	
2	0	0	0	0	222	
3	0	0	0	0	222	
4	0	0	0	0	223	
5	0	0	0	0	223	
6	0	0	0	0	223	
7	0	0	0	0	223	
8	0	0	0	0	223	
9	0	0	0	0	224	
10	0	0	0	0	224	
11	0	0	0	0	224	
12	0	0	0	0	224	
13	0	0	0	0	224	
14	0	0	0	0	225	
15	0	0	0	0	225	
0	0	0	0	0	225	
1	0	0	0	0	225	
2	0	0	0	0	225	
3	0	0	0	0	226	
4	0	0	0	0	226	
5	0	0	0	0	226	
6	0	0	0	0	226	
7	0	0	0	0	227	
8	0	0	0	0	227	
9	0	0	0	0	227	
10	0	0	0	0	227	
11	0	0	0	0	227	
12	0	0	0	0	227	
13	0	0	0	0	228	
14	0	0	0	0	228	
15	0	0	0	0	228	
0	0	0	0	0	228	
1	0	0	0	0	228	
2	0	0	0	0	229	
3	0	0	0	0	229	
4	0	0	0	0	229	
5	0	0	0	0	229	
6	0	0	0	0	229	
7	0	0	0	0	230	
8	0	0	0	0	230	
9	0	0	0	0	230	
10	0	0	0	0	230	
11	0	0	0	0	230	
12	0	0	0	0	230	
13	0	0	0	0	230	
14	0	0	0	0	231	
15	0	0	0	0	231	
0	0	0	0	0	231	
1	0	0	0	0	231	
2	0	0	0	0	231	
3	0	0	0	0	231	
4	0	0	0	0	231	
5	0	0	0	0	231	
6	0	0	0	0	231	
7	0	0	0	0	231	
8	0	0	0	0	231	
9	0	0	0	0	232	
10	0	0	0	0	232	
11	0	0	0	0	232	
12	0	0	0	0	232	
13	0	0	0	0	233	
14	0	0	0	0	233	
15	0	0	0	0	233	
0	0	0	0	0	233	
1	0	0	0	0	233	
2	0	0	0	0	233	
3	0	0	0	0	233	
4	0	0	0	0	233	
5	0	0	0	0	234	
6	0	0	0	0	234	
7	0	0	0	0	234	
8	0	0	0	0	234	
9	0	0	0	0	235	
10	0	0	0	0	235	
11	0	0	0	0	235	
12	0	0	0	0	235	
13	0	0	0	0	235	
14	0	0	0	0	236	
15	0	0	0	0	236	
0	0	0	0	0	236	
1	0	0	0	0	236	
2	0	0	0	0	236	
3	0	0	0	0	236	
4	0	0	0	0	236	
5	0	0	0	0	237	
6	0	0	0	0	237	
7	0	0	0	0	237	
8	0	0	0	0	237	
9	0	0	0	0	238	
10	0	0	0	0	238	
11	0	0	0	0	238	
12	0	0	0	0	238	
13	0	0	0	0	238	
14	0	0	0	0	239	
15	0	0	0	0	239	
0	0	0	0	0	239	
1	0	0	0	0	239	
2	0	0	0	0	239	
3	0	0	0	0	239	
4	0	0	0	0	239	
5	0	0	0	0	240	
6	0	0	0	0	240	
7	0	0	0	0	240	
8	0	0	0	0	240	
9	0	0	0	0	240	
10	0	0	0	0	240	
11	0	0	0	0	240	
12	0	0	0	0	240	
13	0	0	0	0	240	
14	0	0	0	0	241	
15	0	0	0	0	241	
0	0	0	0	0	241	
1	0	0	0	0	241	
2	0	0	0	0	241	
3	0	0	0	0	242	
4	0	0	0	0	242	
5	0	0	0	0	242	
6	0	0	0	0	242	
7	0	0	0	0	243	
8	0	0	0	0	243	
9	0	0	0	0	243	
10	0	0	0	0	243	
11	0	0	0	0	243	
12	0	0	0	0	243	
13	0	0	0	0	244	
14	0	0	0	0	244	
15	0	0	0	0	244	
0	0	0	0	0	244	
1	0	0	0	0	244	
2	0	0	0	0	245	
3	0	0	0	0	245	
4	0	0	0	0	245	
5	0	0	0	0	245	
6	0	0	0	0	246	
7	0	0	0	0	246	
8	0	0	0	0	246	
9	0	0	0	0	246	
10	0	0	0	0	246	
11	0	0	0	0	246	
12	0	0	0	0	246	
13	0	0	0	0	247	
14	0	0	0	0	247	
15	0	0	0	0	247	
0	0	0	0	0	247	
1	0	0	0	0	247	
2	0	0	0	0	248	
3	0	0	0	0	248	
4	0	0	0	0	248	
5	0	0	0	0	248	
6	0	0	0	0	248	
7	0	0	0	0	248	
8	0	0	0	0	248	
9	0	0	0	0	248	
10	0	0	0	0	248	
11	0	0	0	0	248	
12	0	0	0	0	249	
13	0	0	0	0	249	
14	0	0	0	0	249	
15	0	0	0	0	249	
0	0	0	0	0	249	
1	0	0	0	0	249	
2	0	0	0	0	249	
3	0	0	0	0	249	
4	0	0	0	0	249	
5	0	0	0	0	250	
6	0	0	0	0	250	
7	0	0	0	0	250	
8	0	0	0	0	250	
9	0	0	0	0	250	
10	0	0	0	0	251	
11	0	0	0	0	251	
12	0	0	0	0	251	
13	0	0	0	0	251	
14	0	0	0	0	251	
15	0	0	0	0	251	
0	0	0	0	0	251	
1	0	0	0	0	251	
2	0	0	0	0	251	
3	0	0	0	0	251	
4	0	0	0	0	252	
5	0	0	0	0	252	
6	0	0	0	0	252	
7	0	0	0	0	252	
8	0	0	0	0	252	
9	0	0	0	0	252	
10	0	0	0	0	252	
11	0	0	0	0	252	
12	0	0	0	0	252	
13	0	0	0	0	252	
14	0	0	0	0	253	
15	0	0	0	0	253	
0	0	0	0	0	253	
1	0	0	0	0	253	
2	0	0	0	0	253	
3	0	0	0	0	253	
4	0	0	0	0	253	
5	0	0	0	0	254	
6	0	0	0	0	254	
7	0	0	0	0	254	
8	0	0	0	0	254	
9	0	0	0	0	254	
10	0	0	0	0	255	
11	0	0	0	0	255	
12	0	0	0	0	255	
13	0	0	0	0	255	
14	0	0	0	0	255	
15	0	0	0	0	255	
0	0	0	0	0	255	
1	0	0	0	0	255	
2	0	0	0	0	255	
3	0	0	0	0	255	
4	0	0	0	0	255	
5	0	0	0	0	255	
6	0	0	0	0	256	
7	0	0	0	0	256	
8	0	0	0	0	256	
9	0	0	0	0	256	
10	0	0	0	0	256	
11	0	0	0	0	256	
12	0	0	0	0	256	
13	0	0	0	0	256	
14	0	0	0	0	256	
15	0	0	0	0	256	
0	0	0	0	0	256	
1	0	0	0	0	256	
2	0	0	0	0	256	
3	0	0	0	0	256	
4	0	0	0	0	256	
5	0	0	0	0	257	
6	0	0	0	0	257	
7	0	0	0	0	257	
8	0	0	0	0	257	
9	0	0	0	0	257	
10	0	0	0	0	257	
11	0	0	0	0	257	
12	0	0	0	0	257	
13	0	0	0	0	258	
14	0	0	0	0	258	
15	0	0	0	0	258	
0	0	0	0	0	258	
1	0	0	0	0	258	
2	0	0	0	0	258	
3	0	0	0	0	259	
4	0	0	0	0	259	
5	0	0	0	0	259	
6	0	0	0	0	259	
7	0	0	0	0	259	
8	0	0	0	0	259	
9	0	0	0	0	259	
10	0	0	0	0	259	
11	0	0	0	0	259	
12	0	0	0	0	259	
13	0	0	0	0	259	
14	0	0	0	0	259	
15	0	0	0	0	260	
0	0	0	0	0	260	
1	0	0	0	0	260	
2	0	0	0	0	260	
3	0	0	0	0	260	
4	0	0	0	0	260	
5	0	0	0	0	260	
6	0	0	0	0	260	
7	0	0	0	0	260	
8	0	0	0	0	260	
9	0	0	0	0	260	
10	0	0	0	0	260	
11	0	0	0	0	260	
12	0	0	0	0	260	
13	0	0	0	0	261	
14	0	0	0	0	261	
15	0	0	0	0	261	
0	0	0	0	0	261	
1	0	0	0	0	261	
2	0	0	0	0	261	
3	0	0	0	0	261	
4	0	0	0	0	261	
5	0	0	0	0	261	
6	0	0	0	0	261	
7	0	0	0	0	262	
8	0	0	0	0	261	
9	0	0	0	0	262	
10	0	0	0	0	262	
11	0	0	0	0	262	
12	0	0	0	0	262	
13	0	0	0	0	262	
14	0	0	0	0	262	
15	0	0	0	0	262	
0	0	0	0	0	262	
1	0	0	0	0	262	
2	0	0	0	0	262	
3	0	0	0	0	262	
4	0	0	0	0	262	
5	0	0	0	0	262	
6	0	0	0	0	262	
7	0	0	0	0	262	
8	0	0	0	0	262	
9	0	0	0	0	263	
10	0	0	0	0	263	
11	0	0	0	0	263	
12	0	0	0	0	263	
13	0	0	0	0	263	
14	0	0	0	0	263	
15	0	0	0	0	263	
0	0	0	0	0	263	
1	0	0	0	0	263	
2	0	0	0	0	263	
3	0	0	0	0	263	
4	0	0	0	0	263	
5	0	0	0	0	263	
6	0	0	0	0	263	
7	0	0	0	0	264	
8	0	0	0	0	263	
9	0	0	0	0	264	
10	0	0	0	0	264	
11	0	0	0	0	264	
12	0	0	0	0	264	
13	0	0	0	0	264	
14	0	0	0	0	264	
15	0	0	0	0	264	
0	0	0	0	0	264	
1	0	0	0	0	265	
2	0	0	0	0	265	
3	0	0	0	0	265	
4	0	0	0	0	265	
5	0	0	0	0	265	
6	0	0	0	0	265	
7	0	0	0	0	265	
8	0	0	0	0	265	
9	0	0	0	0	265	
10	0	0	0	0	265	
11	0	0	0	0	265	
12	0	0	0	0	265	
13	0	0	0	0	266	
14	0	0	0	0	266	
15	0	0	0	0	266	
0	0	0	0	0	266	
1	0	0	0	0	266	
2	0	0	0	0	266	
3	0	0	0	0	266	
4	0	0	0	0	266	
5	0	0	0	0	267	
6	0	0	0	0	267	
7	0	0	0	0	267	
8	0	0	0	0	267	
9	0	0	0	0	267	
10	0	0	0	0	267	
11	0	0	0	0	267	
12	0	0	0	0	267	
13	0	0	0	0	267	
14	0	0	0	0	268	
15	0	0	0	0	268	
0	0	0	0	0	268	
1	0	0	0	0	268	
2	0	0	0	0	268	
3	0	0	0	0	268	
4	0	0	0	0	268	
5	0	0	0	0	268	
6	0	0	0	0	268	
7	0	0	0	0	268	
8	0	0	0	0	268	
9	0	0	0	0	268	
10	0	0	0	0	268	
11	0	0	0	0	268	
12	0	0	0	0	268	
13	0	0	0	0	268	
14	0	0	0	0	269	
15	0	0	0	0	269	
0	0	0	0	0	269	
1	0	0	0	0	269	
2	0	0	0	0	269	
3	0	0	0	0	269	
4	0	0	0	0	269	
5	0	0	0	0	269	
6	0	0	0	0	269	
7	0	0	0	0	269	
8	0	0	0	0	269	
9	0	0	0	0	269	
10	0	0	0	0	269	
11	0	0	0	0	269	
12	0	0	0	0	269	
13	0	0	0	0	269	
14	0	0	0	0	270	
15	0	0	0	0	270	
0	0	0	0	0	270	
1	0	0	0	0	270	
2	0	0	0	0	270	
3	0	0	0	0	270	
4	0	0	0	0	270	
5	0	0	0	0	270	
6	0	0	0	0	270	
7	0	0	0	0	270	
8	0	0	0	0	270	
9	0	0	0	0	270	
10	0	0	0	0	270	
11	0	0	0	0	270	
12	0	0	0	0	270	
13	0	0	0	0	270	
14	0	0	0	0	270	
15	0	0	0	0	270	
0	0	0	0	0	270	
1	0	0	0	0	270	
2	0	0	0	0	271	
3	0	0	0	0	271	
4	0	0	0	0	271	
5	0	0	0	0	271	
6	0	0	0	0	271	
7	0	0	0	0	271	
8	0	0	0	0	271	
9	0	0	0	0	271	
10	0	0	0	0	271	
11	0	0	0	0	271	
12	0	0	0	0	271	
13	0	0	0	0	271	
14	0	0	0	0	271	
15	0	0	0	0	271	
0	0	0	0	0	271	
1	0	0	0	0	271	
2	0	0	0	0	271	
3	0	0	0	0	271	
4	0	0	0	0	271	
5	0	0	0	0	271	
6	0	0	0	0	271	
7	0	0	0	0	271	
8	0	0	0	0	271	
9	0	0	0	0	271	
10	0	0	0	0	271	
11	0	0	0	0	271	
12	0	0	0	0	271	
13	0	0	0	0	272	
14	0	0	0	0	272	
15	0	0	0	0	272	
0	0	0	0	0	272	
1	0	0	0	0	272	
2	0	0	0	0	272	
3	0	0	0	0	272	
4	0	0	0	0	272	
5	0	0	0	0	272	
6	0	0	0	0	272	
7	0	0	0	0	272	
8	0	0	0	0	272	
9	0	0	0	0	272	
10	0	0	0	0	272	
11	0	0	0	0	272	
12	0	0	0	0	272	
13	0	0	0	0	272	
14	0	0	0	0	272	
15	0	0	0	0	272	
0	0	0	0	0	272	
1	0	0	0	0	272	
2	0	0	0	0	273	
3	0	0	0	0	273	
4	0	0	0	0	273	
5	0	0	0	0	273	
6	0	0	0	0	273	
7	0	0	0	0	273	
8	0	0	0	0	273	
9	0	0	0	0	273	
10	0	0	0	0	273	
11	0	0	0	0	273	
12	0	0	0	0	273	
13	0	0	0	0	273	
14	0	0	0	0	273	
15	0	0	0	0	273	
0	0	0	0	0	273	
1	0	0	0	0	274	
2	0	0	0	0	274	
3	0	0	0	0	274	
4	0	0	0	0	274	
5	0	0	0	0	274	
6	0	0	0	0	274	
7	0	0	0	0	274	
8	0	0	0	0	274	
9	0	0	0	0	274	
10	0	0	0	0	274	
11	0	0	0	0	274	
12	0	0	0	0	274	
13	0	0	0	0	275	
14	0	0	0	0	275	
15	0	0	0	0	275	
0	0	0	0	0	275	
1	0	0	0	0	275	
2	0	0	0	0	275	
3	0	0	0	0	275	
4	0	0	0	0	275	
5	0	0	0	0	275	
6	0	0	0	0	275	
7	0	0	0	0	275	
8	0	0	0	0	275	
9	0	0	0	0	275	
10	0	0	0	0	275	
11	0	0	0	0	275	
12	0	0	0	0	275	
13	0	0	0	0	275	
14	0	0	0	0	276	
15	0	0	0	0	276	
0	0	0	0	0	276	
1	0	0	0	0	276	
2	0	0	0	0	276	
3	0	0	0	0	276	
4	0	0	0	0	276	
5	0	0	0	0	276	
6	0	0	0	0	276	
7	0	0	0	0	276	
8	0	0	0	0	276	
9	0	0	0	0	276	
10	0	0	0	0	276	
11	0	0	0	0	276	
12	0	0	0	0	276	
13	0	0	0	0	277	
14	0	0	0	0	277	
15	0	0	0	0	277	
0	0	0	0	0	277	
1	0	0	0	0	277	
2	0	0	0	0	277	
3	0	0	0	0	277	
4	0	0	0	0	277	
5	0	0	0	0	278	
6	0	0	0	0	278	
7	0	0	0	0	278	
8	0	0	0	0	278	
9	0	0	0	0	278	
10	0	0	0	0	278	
11	0	0	0	0	278	
12	0	0	0	0	278	
13	0	0	0	0	278	
14	0	0	0	0	279	
15	0	0	0	0	278	
0	0	0	0	0	278	
1	0	0	0	0	279	
2	0	0	0	0	279	
3	0	0	0	0	279	
4	0	0	0	0	279	
5	0	0	0	0	279	
6	0	0	0	0	279	
7	0	0	0	0	279	
8	0	0	0	0	279	
9	0	0	0	0	279	
10	0	0	0	0	279	
11	0	0	0	0	279	
12	0	0	0	0	279	
13	0	0	0	0	279	
14	0	0	0	0	279	
15	0	0	0	0	279	
0	0	0	0	0	279	
1	0	0	0	0	279	
2	0	0	0	0	280	
3	0	0	0	0	280	
4	0	0	0	0	280	
5	0	0	0	0	280	
6	0	0	0	0	280	
7	0	0	0	0	280	
8	0	0	0	0	280	
9	0	0	0	0	280	
10	0	0	0	0	280	
11	0	0	0	0	280	
12	0	0	0	0	280	
13	0	0	0	0	280	
14	0	0	0	0	280	
15	0	0	0	0	280	
0	0	0	0	0	280	
1	0	0	0	0	280	
2	0	0	0	0	280	
3	0	0	0	0	280	
4	0	0	0	0	280	
5	0	0	0	0	280	
6	0	0	0	0	280	
7	0	0	0	0	280	
8	0	0	0	0	280	
9	0	0	0	0	280	
10	0	0	0	0	280	
11	0	0	0	0	280	
12	0	0	0	0	280	
13	0	0	0	0	280	
14	0	0	0	0	280	
15	0	0	0	0	280	
0	0	0	0	0	280	
1	0	0	0	0	280	
2	0	0	0	0	280	
3	0	0	0	0	280	
4	0	0	0	0	280	
5	0	0	0	0	280	
6	0	0	0	0	280	
7	0	0	0	0	280	
8	0	0	0	0	280	
9	0	0	0	0	280	
10	0	0	0	0	280	
11	0	0	0	0	280	
12	0	0	0	0	280	
13	0	0	0	0	280	
14	0	0	0	0	280	
15	0	0	0	0	280	
0	0	0	0	0	280	
1	0	0	0	0	280	
2	0	0	0	0	280	
3	0	0	0	0	280	
4	0	0	0	0	280	
5	0	0	0	0	280	
6	0	0	0	0	280	
7	0	0	0	0	280	
8	0	0	0	0	280	
9	0	0	0	0	280	
10	0	0	0	0	280	
11	0	0	0	0	280	
12	0	0	0	0	280	
13	0	0	0	0	280	
14	0	0	0	0	280	
15	0	0	0	0	280	
0	0	0	0	0	280	
1	0	0	0	0	280	
2	0	0	0	0	280	
3	0	0	0	0	280	
4	0	0	0	0	280	
5	0	0	0	0	280	
6	0	0	0	0	280	
7	0	0	0	0	280	
8	0	0	0	0	280	
9	0	0	0	0	280	
10	0	0	0	0	280	
11	0	0	0	0	280	
12	0	0	0	0	280	
13	0	0	0	0	280	
14	0	0	0	0	280	
15	0	0	0	0	280	
0	0	0	0	0	280	
1	0	0	0	0	280	
2	0	0	0	0	280	
3	0	0	0	0	280	
4	0	0	0	0	280	
5	0	0	0	0	280	
6	0	0	0	0	280	
7	0	0	0	0	280	
8	0	0	0	0	280	
9	0	0	0	0	280	
10	0	0	0	0	280	
11	0	0	0	0	280	
12	0	0	0	0	280	
13	0	0	0	0	280	
14	0	0	0	0	280	
15	0	0	0	0	280	
0	0	0	0	0	280	
1	0	0	0	0	280	
2	0	0	0	0	281	
3	0	0	0	0	281	
4	0	0	0	0	280	
5	0	0	0	0	281	
6	0	0	0	0	281	
7	0	0	0	0	281	
8	0	0	0	0	281	
9	0	0	0	0	281	
10	0	0	0	0	281	
11	0	0	0	0	281	
12	0	0	0	0	281	
13	0	0	0	0	281	
14	0	0	0	0	281	
15	0	0	0	0	281	
0	0	0	0	0	281	
1	0	0	0	0	281	
2	0	0	0	0	281	
3	0	0	0	0	281	
4	0	0	0	0	281	
5	0	0	0	0	281	
6	0	0	0	0	282	
7	0	0	0	0	282	
8	0	0	0	0	282	
9	0	0	0	0	282	
10	0	0	0	0	282	
11	0	0	0	0	282	
12	0	0	0	0	282	
13	0	0	0	0	282	
14	0	0	0	0	282	
15	0	0	0	0	282	
0	0	0	0	0	282	
1	0	0	0	0	282	
2	0	0	0	0	282	
3	0	0	0	0	282	
4	0	0	0	0	282	
5	0	0	0	0	282	
6	0	0	0	0	282	
7	0	0	0	0	282	
8	0	0	0	0	282	
9	0	0	0	0	282	
10	0	0	0	0	282	
11	0	0	0	0	282	
12	0	0	0	0	282	
13	0	0	0	0	282	
14	0	0	0	0	282	
15	0	0	0	0	282	
0	0	0	0	0	282	
1	0	0	0	0	282	
2	0	0	0	0	282	
3	0	0	0	0	282	
4	0	0	0	0	282	
5	0	0	0	0	282	
6	0	0	0	0	282	
7	0	0	0	0	282	
8	0	0	0	0	282	
9	0	0	0	0	282	
10	0	0	0	0	282	
11	0	0	0	0	282	
12	0	0	0	0	282	
13	0	0	0	0	282	
14	0	0	0	0	282	
15	0	0	0	0	282	
0	0	0	0	0	282	
1	0	0	0	0	282	
2	0	0	0	0	282	
3	0	0	0	0	282	
4	0	0	0	0	282	
5	0	0	0	0	282	
6	0	0	0	0	282	
7	0	0	0	0	282	
8	0	0	0	0	282	
9	0	0	0	0	282	
10	0	0	0	0	282	
11	0	0	0	0	282	
12	0	0	0	0	282	
13	0	0	0	0	282	
14	0	0	0	0	282	
15	0	0	0	0	282	
0	0	0	0	0	282	
1	0	0	0	0	282	
2	0	0	0	0	282	
3	0	0	0	0	283	
4	0	0	0	0	282	
5	0	0	0	0	283	
6	0	0	0	0	283	
7	0	0	0	0	283	
8	0	0	0	0	282	
9	0	0	0	0	283	
10	0	0	0	0	283	
11	0	0	0	0	283	
12	0	0	0	0	283	
13	0	0	0	0	283	
14	0	0	0	0	283	
15	0	0	0	0	283	
0	0	0	0	0	283	
1	0	0	0	0	283	
2	0	0	0	0	283	
3	0	0	0	0	283	
4	0	0	0	0	283	
5	0	0	0	0	283	
6	0	0	0	0	283	
7	0	0	0	0	283	
8	0	0	0	0	283	
9	0	0	0	0	283	
10	0	0	0	0	283	
11	0	0	0	0	283	
12	0	0	0	0	284	
13	0	0	0	0	284	
14	0	0	0	0	284	
15	0	0	0	0	283	
0	0	0	0	0	283	
1	0	0	0	0	283	
2	0	0	0	0	283	
3	0	0	0	0	283	
4	0	0	0	0	283	
5	0	0	0	0	283	
6	0	0	0	0	283	
7	0	0	0	0	283	
8	0	0	0	0	283	
9	0	0	0	0	283	
10	0	0	0	0	283	
11	0	0	0	0	283	
12	0	0	0	0	283	
13	0	0	0	0	284	
14	0	0	0	0	284	
15	0	0	0	0	284	
0	0	0	0	0	284	
1	0	0	0	0	284	
2	0	0	0	0	284	
3	0	0	0	0	284	
4	0	0	0	0	284	
5	0	0	0	0	284	
6	0	0	0	0	284	
7	0	0	0	0	284	
8	0	0	0	0	284	
9	0	0	0	0	284	
10	0	0	0	0	284	
11	0	0	0	0	284	
12	0	0	0	0	284	
13	0	0	0	0	284	
14	0	0	0	0	284	
15	0	0	0	0	284	
0	0	0	0	0	284	
1	0	0	0	0	285	
2	0	0	0	0	285	
3	0	0	0	0	285	
4	0	0	0	0	285	
5	0	0	0	0	285	
6	0	0	0	0	285	
7	0	0	0	0	285	
8	0	0	0	0	285	
9	0	0	0	0	285	
10	0	0	0	0	285	
11	0	0	0	0	285	
12	0	0	0	0	285	
13	0	0	0	0	286	
14	0	0	0	0	286	
15	0	0	0	0	286	
0	0	0	0	0	286	
1	0	0	0	0	286	
2	0	0	0	0	286	
3	0	0	0	0	286	
4	0	0	0	0	286	
5	0	0	0	0	286	
6	0	0	0	0	286	
7	0	0	0	0	286	
8	0	0	0	0	286	
9	0	0	0	0	287	
10	0	0	0	0	287	
11	0	0	0	0	287	
12	0	0	0	0	287	
13	0	0	0	0	287	
14	0	0	0	0	287	
15	0	0	0	0	287	
0	0	0	0	0	287	
1	0	0	0	0	287	
2	0	0	0	0	287	
3	0	0	0	0	287	
4	0	0	0	0	288	
5	0	0	0	0	288	
6	0	0	0	0	288	
7	0	0	0	0	288	
8	0	0	0	0	288	
9	0	0	0	0	288	
10	0	0	0	0	288	
11	0	0	0	0	289	
12	0	0	0	0	289	
13	0	0	0	0	289	
14	0	0	0	0	289	
15	0	0	0	0	289	
0	0	0	0	0	289	
1	0	0	0	0	289	
2	0	0	0	0	289	
3	0	0	0	0	289	
4	0	0	0	0	289	
5	0	0	0	0	289	
6	0	0	0	0	290	
7	0	0	0	0	290	
8	0	0	0	0	290	
9	0	0	0	0	290	
10	0	0	0	0	290	
11	0	0	0	0	290	
12	0	0	0	0	290	
13	0	0	0	0	291	
14	0	0	0	0	291	
15	0	0	0	0	291	
0	0	0	0	0	291	
1	0	0	0	0	291	
2	0	0	0	0	291	
3	0	0	0	0	291	
4	0	0	0	0	291	
5	0	0	0	0	291	
6	0	0	0	0	291	
7	0	0	0	0	292	
8	0	0	0	0	292	
9	0	0	0	0	292	
10	0	0	0	0	292	
11	0	0	0	0	292	
12	0	0	0	0	292	
13	0	0	0	0	292	
14	0	0	0	0	292	
15	0	0	0	0	293	
0	0	0	0	0	293	
1	0	0	0	0	293	
2	0	0	0	0	293	
3	0	0	0	0	293	
4	0	0	0	0	293	
5	0	0	0	0	293	
6	0	0	0	0	294	
7	0	0	0	0	294	
8	0	0	0	0	294	
9	0	0	0	0	294	
10	0	0	0	0	294	
11	0	0	0	0	294	
12	0	0	0	0	294	
13	0	0	0	0	294	
14	0	0	0	0	295	
15	0	0	0	0	295	
0	0	0	0	0	294	
1	0	0	0	0	295	
2	0	0	0	0	295	
3	0	0	0	0	295	
4	0	0	0	0	295	
5	0	0	0	0	295	
6	0	0	0	0	295	
7	0	0	0	0	295	
8	0	0	0	0	295	
9	0	0	0	0	295	
10	0	0	0	0	295	
11	0	0	0	0	295	
12	0	0	0	0	295	
13	0	0	0	0	295	
14	0	0	0	0	295	
15	0	0	0	0	295	
0	0	0	0	0	295	
1	0	0	0	0	295	
2	0	0	0	0	296	
3	0	0	0	0	296	
4	0	0	0	0	296	
5	0	0	0	0	296	
6	0	0	0	0	296	
7	0	0	0	0	296	
8	0	0	0	0	296	
9	0	0	0	0	296	
10	0	0	0	0	296	
11	0	0	0	0	296	
12	0	0	0	0	296	
13	0	0	0	0	297	
14	0	0	0	0	297	
15	0	0	0	0	297	
0	0	0	0	0	297	
1	0	0	0	0	297	
2	0	0	0	0	297	
3	0	0	0	0	297	
4	0	0	0	0	297	
5	0	0	0	0	297	
6	0	0	0	0	297	
7	0	0	0	0	297	
8	0	0	0	0	297	
9	0	0	0	0	297	
10	0	0	0	0	297	
11	0	0	0	0	297	
12	0	0	0	0	297	
13	0	0	0	0	297	
14	0	0	0	0	298	
15	0	0	0	0	297	
0	0	0	0	0	297	
1	0	0	0	0	297	
2	0	0	0	0	298	
3	0	0	0	0	298	
4	0	0	0	0	298	
5	0	0	0	0	298	
6	0	0	0	0	298	
7	0	0	0	0	298	
8	0	0	0	0	298	
9	0	0	0	0	298	
10	0	0	0	0	298	
11	0	0	0	0	298	
12	0	0	0	0	298	
13	0	0	0	0	298	
14	0	0	0	0	298	
15	0	0	0	0	298	
0	0	0	0	0	298	
1	0	0	0	0	298	
2	0	0	0	0	298	
3	0	0	0	0	298	
4	0	0	0	0	298	
5	0	0	0	0	298	
6	0	0	0	0	298	
7	0	0	0	0	298	
8	0	0	0	0	298	
9	0	0	0	0	298	
10	0	0	0	0	298	
11	0	0	0	0	298	
12	0	0	0	0	298	
13	0	0	0	0	298	
14	0	0	0	0	298	
15	0	0	0	0	298	
0	0	0	0	0	298	
1	0	0	0	0	298	
2	0	0	0	0	298	
3	0	0	0	0	298	
4	0	0	0	0	298	
5	0	0	0	0	298	
6	0	0	0	0	299	
7	0	0	0	0	298	
8	0	0	0	0	298	
9	0	0	0	0	298	
10	0	0	0	0	299	
11	0	0	0	0	299	
12	0	0	0	0	298	
13	0	0	0	0	299	
14	0	0	0	0	299	
15	0	0	0	0	299	
0	0	0	0	0	298	
1	0	0	0	0	299	
2	0	0	0	0	299	
3	0	0	0	0	299	
4	0	0	0	0	298	
5	0	0	0	0	298	
6	0	0	0	0	299	
7	0	0	0	0	299	
8	0	0	0	0	298	
9	0	0	0	0	299	
10	0	0	0	0	299	
11	0	0	0	0	299	
12	0	0	0	0	299	
13	0	0	0	0	299	
14	0	0	0	0	299	
15	0	0	0	0	299	
0	0	0	0	0	299	
1	0	0	0	0	299	
2	0	0	0	0	299	
3	0	0	0	0	299	
4	0	0	0	0	299	
5	0	0	0	0	299	
6	0	0	0	0	299	
7	0	0	0	0	299	
8	0	0	0	0	299	
9	0	0	0	0	299	
10	0	0	0	0	299	
11	0	0	0	0	299	
12	0	0	0	0	299	
13	0	0	0	0	299	
14	0	0	0	0	299	
15	0	0	0	0	299	
0	0	0	0	0	299	
1	0	0	0	0	299	
2	0	0	0	0	299	
3	0	0	0	0	299	
4	0	0	0	0	299	
5	0	0	0	0	299	
6	0	0	0	0	299	
7	0	0	0	0	299	
8	0	0	0	0	299	
9	0	0	0	0	299	
10	0	0	0	0	299	
11	0	0	0	0	299	
12	0	0	0	0	299	
13	0	0	0	0	299	
14	0	0	0	0	299	
15	0	0	0	0	299	
0	0	0	0	0	299	
1	0	0	0	0	299	
2	0	0	0	0	299	
3	0	0	0	0	299	
4	0	0	0	0	299	
5	0	0	0	0	299	
6	0	0	0	0	299	
7	0	0	0	0	299	
8	0	0	0	0	299	
9	0	0	0	0	299	
10	0	0	0	0	299	
11	0	0	0	0	299	
12	0	0	0	0	299	
13	0	0	0	0	299	
14	0	0	0	0	299	
15	0	0	0	0	299	
0	0	0	0	0	299	
1	0	0	0	0	299	
2	0	0	0	0	299	
3	0	0	0	0	299	
4	0	0	0	0	299	
5	0	0	0	0	299	
6	0	0	0	0	299	
7	0	0	0	0	299	
8	0	0	0	0	299	
9	0	0	0	0	299	
10	0	0	0	0	299	
11	0	0	0	0	299	
12	0	0	0	0	299	
13	0	0	0	0	299	
14	0	0	0	0	299	
15	0	0	0	0	299	
0	0	0	0	0	298	
1	0	0	0	0	299	
2	0	0	0	0	299	
3	0	0	0	0	298	
4	0	0	0	0	298	
5	0	0	0	0	298	
6	0	0	0	0	298	
7	0	0	0	0	298	
8	0	0	0	0	298	
9	0	0	0	0	298	
10	0	0	0	0	298	
11	0	0	0	0	298	
12	0	0	0	0	298	
13	0	0	0	0	298	
14	0	0	0	0	298	
15	0	0	0	0	298	
0	0	0	0	0	298	
1	0	0	0	0	298	
2	0	0	0	0	298	
3	0	0	0	0	298	
4	0	0	0	0	298	
5	0	0	0	0	298	
6	0	0	0	0	298	
7	0	0	0	0	298	
8	0	0	0	0	298	
9	0	0	0	0	298	
10	0	0	0	0	298	
11	0	0	0	0	298	
12	0	0	0	0	298	
13	0	0	0	0	298	
14	0	0	0	0	298	
15	0	0	0	0	298	
0	0	0	0	0	298	
1	0	0	0	0	298	
2	0	0	0	0	298	
3	0	0	0	0	298	
4	0	0	0	0	298	
5	0	0	0	0	298	
6	0	0	0	0	298	
7	0	0	0	0	298	
8	0	0	0	0	298	
9	0	0	0	0	298	
10	0	0	0	0	299	
11	0	0	0	0	298	
12	0	0	0	0	298	
13	0	0	0	0	298	
14	0	0	0	0	299	
15	0	0	0	0	299	
0	0	0	0	0	298	
1	0	0	0	0	299	
2	0	0	0	0	299	
3	0	0	0	0	299	
4	0	0	0	0	299	
5	0	0	0	0	299	
6	0	0	0	0	299	
7	0	0	0	0	299	
8	0	0	0	0	299	
9	0	0	0	0	299	
10	0	0	0	0	299	
11	0	0	0	0	299	
12	0	0	0	0	299	
13	0	0	0	0	299	
14	0	0	0	0	299	
15	0	0	0	0	299	
0	0	0	0	0	299	
1	0	0	0	0	299	
2	0	0	0	0	299	
3	0	0	0	0	299	
4	0	0	0	0	299	
5	0	0	0	0	299	
6	0	0	0	0	299	
7	0	0	0	0	299	
8	0	0	0	0	299	
9	0	0	0	0	299	
10	0	0	0	0	299	
11	0	0	0	0	299	
12	0	0	0	0	299	
13	0	0	0	0	299	
14	0	0	0	0	299	
15	0	0	0	0	299	
0	0	0	0	0	299	
1	0	0	0	0	299	
2	0	0	0	0	299	
3	0	0	0	0	299	
4	0	0	0	0	299	
5	0	0	0	0	299	
6	0	0	0	0	299	
7	0	0	0	0	299	
8	0	0	0	0	299	
9	0	0	0	0	299	
10	0	0	0	0	299	
11	0	0	0	0	299	
12	0	0	0	0	299	
13	0	0	0	0	299	
14	0	0	0	0	299	
15	0	0	0	0	299	
0	0	0	0	0	299	
1	0	0	0	0	299	
2	0	0	0	0	300	
3	0	0	0	0	299	
4	0	0	0	0	299	
5	0	0	0	0	299	
6	0	0	0	0	300	
7	0	0	0	0	299	
8	0	0	0	0	299	
9	0	0	0	0	299	
10	0	0	0	0	300	
11	0	0	0	0	300	
12	0	0	0	0	299	
13	0	0	0	0	300	
14	0	0	0	0	300	
15	0	0	0	0	300	
0	0	0	0	0	300	
1	0	0	0	0	300	
2	0	0	0	0	300	
3	0	0	0	0	300	
4	0	0	0	0	300	
5	0	0	0	0	300	
6	0	0	0	0	300	
7	0	0	0	0	300	
8	0	0	0	0	300	
9	0	0	0	0	300	
10	0	0	0	0	300	
11	0	0	0	0	300	
12	0	0	0	0	300	
13	0	0	0	0	300	
14	0	0	0	0	300	
15	0	0	0	0	300	
0	0	0	0	0	300	
1	0	0	0	0	300	
2	0	0	0	0	300	
3	0	0	0	0	300	
4	0	0	0	0	300	
5	0	0	0	0	300	
6	0	0	0	0	300	
7	0	0	0	0	300	
8	0	0	0	0	300	
9	0	0	0	0	300	
10	0	0	0	0	300	
11	0	0	0	0	300	
12	0	0	0	0	300	
13	0	0	0	0	300	
14	0	0	0	0	300	
15	0	0	0	0	300	
0	0	0	0	0	300	
1	0	0	0	0	300	
2	0	0	0	0	300	
3	0	0	0	0	300	
4	0	0	0	0	300	
5	0	0	0	0	300	
6	0	0	0	0	300	
7	0	0	0	0	300	
8	0	0	0	0	300	
9	0	0	0	0	300	
10	0	0	0	0	300	
11	0	0	0	0	300	
12	0	0	0	0	300	
13	0	0	0	0	300	
14	0	0	0	0	300	
15	0	0	0	0	300	
0	0	0	0	0	300	
1	0	0	0	0	300	
2	0	0	0	0	300	
3	0	0	0	0	300	
4	0	0	0	0	300	
5	0	0	0	0	300	
6	0	0	0	0	300	
7	0	0	0	0	300	
8	0	0	0	0	300	
9	0	0	0	0	300	
10	0	0	0	0	300	
11	0	0	0	0	300	
12	0	0	0	0	300	
13	0	0	0	0	300	
14	0	0	0	0	300	
15	0	0	0	0	300	
0	0	0	0	0	300	
1	0	0	0	0	300	
2	0	0	0	0	300	
3	0	0	0	0	300	
4	0	0	0	0	300	
5	0	0	0	0	300	
6	0	0	0	0	300	
7	0	0	0	0	300	
8	0	0	0	0	300	
9	0	0	0	0	300	
10	0	0	0	0	300	
11	0	0	0	0	300	
12	0	0	0	0	299	
13	0	0	0	0	300	
14	0	0	0	0	300	
15	0	0	0	0	300	
0	0	0	0	0	300	
1	0	0	0	0	300	
2	0	0	0	0	300	
3	0	0	0	0	300	
4	0	0	0	0	300	
5	0	0	0	0	299	
6	0	0	0	0	300	
7	0	0	0	0	299	
8	0	0	0	0	299	
9	0	0	0	0	300	
10	0	0	0	0	300	
11	0	0	0	0	299	
12	0	0	0	0	299	
13	0	0	0	0	299	
14	0	0	0	0	299	
15	0	0	0	0	299	
0	0	0	0	0	299	
1	0	0	0	0	299	
2	0	0	0	0	299	
3	0	0	0	0	299	
4	0	0	0	0	299	
5	0	0	0	0	299	
6	0	0	0	0	299	
7	0	0	0	0	299	
8	0	0	0	0	299	
9	0	0	0	0	299	
10	0	0	0	0	299	
11	0	0	0	0	299	
12	0	0	0	0	299	
13	0	0	0	0	299	
14	0	0	0	0	299	
15	0	0	0	0	299	
0	0	0	0	0	299	
1	0	0	0	0	299	
2	0	0	0	0	299	
3	0	0	0	0	299	
4	0	0	0	0	299	
5	0	0	0	0	299	
6	0	0	0	0	299	
7	0	0	0	0	299	
8	0	0	0	0	299	
9	0	0	0	0	299	
10	0	0	0	0	299	
11	0	0	0	0	299	
12	0	0	0	0	298	
13	0	0	0	0	298	
14	0	0	0	0	299	
15	0	0	0	0	298	
0	0	0	0	0	298	
1	0	0	0	0	298	
2	0	0	0	0	299	
3	0	0	0	0	298	
4	0	0	0	0	298	
5	0	0	0	0	298	
6	0	0	0	0	298	
7	0	0	0	0	298	
8	0	0	0	0	298	
9	0	0	0	0	298	
10	0	0	0	0	298	
11	0	0	0	0	298	
12	0	0	0	0	298	
13	0	0	0	0	298	
14	0	0	0	0	298	
15	0	0	0	0	298	
0	0	0	0	0	298	
1	0	0	0	0	298	
2	0	0	0	0	298	
3	0	0	0	0	298	
4	0	0	0	0	298	
5	0	0	0	0	298	
6	0	0	0	0	298	
7	0	0	0	0	298	
8	0	0	0	0	298	
9	0	0	0	0	298	
10	0	0	0	0	298	
11	0	0	0	0	298	
12	0	0	0	0	297	
13	0	0	0	0	298	
14	0	0	0	0	298	
15	0	0	0	0	297	
0	0	0	0	0	297	
1	0	0	0	0	297	
2	0	0	0	0	297	
3	0	0	0	0	297	
4	0	0	0	0	297	
5	0	0	0	0	297	
6	0	0	0	0	297	
7	0	0	0	0	297	
8	0	0	0	0	297	
9	0	0	0	0	297	
10	0	0	0	0	297	
11	0	0	0	0	297	
12	0	0	0	0	297	
13	0	0	0	0	297	
14	0	0	0	0	297	
15	0	0	0	0	297	
0	0	0	0	0	297	
1	0	0	0	0	297	
2	0	0	0	0	297	
3	0	0	0	0	297	
4	0	0	0	0	297	
5	0	0	0	0	297	
6	0	0	0	0	297	
7	0	0	0	0	297	
8	0	0	0	0	297	
9	0	0	0	0	297	
10	0	0	0	0	297	
11	0	0	0	0	297	
12	0	0	0	0	297	
13	0	0	0	0	297	
14	0	0	0	0	297	
15	0	0	0	0	297	
0	0	0	0	0	297	
1	0	0	0	0	297	
2	0	0	0	0	297	
3	0	0	0	0	297	
4	0	0	0	0	297	
5	0	0	0	0	297	
6	0	0	0	0	297	
7	0	0	0	0	297	
8	0	0	0	0	297	
9	0	0	0	0	297	
10	0	0	0	0	297	
11	0	0	0	0	297	
12	0	0	0	0	297	
13	0	0	0	0	297	
14	0	0	0	0	297	
15	0	0	0	0	297	
0	0	0	0	0	297	
1	0	0	0	0	297	
2	0	0	0	0	297	
3	0	0	0	0	297	
4	0	0	0	0	297	
5	0	0	0	0	297	
6	0	0	0	0	297	
7	0	0	0	0	297	
8	0	0	0	0	297	
9	0	0	0	0	297	
10	0	0	0	0	297	
11	0	0	0	0	297	
12	0	0	0	0	297	
13	0	0	0	0	297	
14	0	0	0	0	297	
15	0	0	0	0	297	
0	0	0	0	0	297	
1	0	0	0	0	297	
2	0	0	0	0	297	
3	0	0	0	0	297	
4	0	0	0	0	297	
5	0	0	0	0	297	
6	0	0	0	0	298	
7	0	0	0	0	298	
8	0	0	0	0	298	
9	0	0	0	0	298	
10	0	0	0	0	298	
11	0	0	0	0	298	
12	0	0	0	0	298	
13	0	0	0	0	298	
14	0	0	0	0	298	
15	0	0	0	0	298	
0	0	0	0	0	298	
1	0	0	0	0	298	
2	0	0	0	0	298	
3	0	0	0	0	298	
4	0	0	0	0	298	
5	0	0	0	0	299	
6	0	0	0	0	299	
7	0	0	0	0	299	
8	0	0	0	0	299	
9	0	0	0	0	299	
10	0	0	0	0	299	
11	0	0	0	0	299	
12	0	0	0	0	299	
13	0	0	0	0	299	
14	0	0	0	0	299	
15	0	0	0	0	299	
0	0	0	0	0	299	
1	0	0	0	0	300	
2	0	0	0	0	300	
3	0	0	0	0	300	
4	0	0	0	0	300	
5	0	0	0	0	300	
6	0	0	0	0	300	
7	0	0	0	0	300	
8	0	0	0	0	300	
9	0	0	0	0	300	
10	0	0	0	0	300	
11	0	0	0	0	300	
12	0	0	0	0	300	
13	0	0	0	0	301	
14	0	0	0	0	301	
15	0	0	0	0	301	
0	0	0	0	0	301	
1	0	0	0	0	301	
2	0	0	0	0	301	
3	0	0	0	0	301	
4	0	0	0	0	301	
5	0	0	0	0	301	
6	0	0	0	0	302	
7	0	0	0	0	302	
8	0	0	0	0	302	
9	0	0	0	0	302	
10	0	0	0	0	302	
11	0	0	0	0	302	
12	0	0	0	0	302	
13	0	0	0	0	302	
14	0	0	0	0	302	
15	0	0	0	0	302	
0	0	0	0	0	302	
1	0	0	0	0	302	
2	0	0	0	0	303	
3	0	0	0	0	303	
4	0	0	0	0	303	
5	0	0	0	0	303	
6	0	0	0	0	303	
7	0	0	0	0	303	
8	0	0	0	0	303	
9	0	0	0	0	303	
10	0	0	0	0	303	
11	0	0	0	0	303	
12	0	0	0	0	304	
13	0	0	0	0	304	
14	0	0	0	0	304	
15	0	0	0	0	304	
0	0	0	0	0	304	
1	0	0	0	0	304	
2	0	0	0	0	305	
3	0	0	0	0	305	
4	0	0	0	0	305	
5	0	0	0	0	305	
6	0	0	0	0	305	
7	0	0	0	0	305	
8	0	0	0	0	305	
9	0	0	0	0	305	
10	0	0	0	0	305	
11	0	0	0	0	306	
12	0	0	0	0	306	
13	0	0	0	0	306	
14	0	0	0	0	306	
15	0	0	0	0	306	
0	0	0	0	0	307	
1	0	0	0	0	307	
2	0	0	0	0	307	
3	0	0	0	0	307	
4	0	0	0	0	307	
5	0	0	0	0	307	
6	0	0	0	0	307	
7	0	0	0	0	307	
8	0	0	0	0	307	
9	0	0	0	0	308	
10	0	0	0	0	308	
11	0	0	0	0	308	
12	0	0	0	0	308	
13	0	0	0	0	308	
14	0	0	0	0	308	
15	0	0	0	0	308	
0	0	0	0	0	308	
1	0	0	0	0	308	
2	0	0	0	0	308	
3	0	0	0	0	308	
4	0	0	0	0	308	
5	0	0	0	0	308	
6	0	0	0	0	309	
7	0	0	0	0	309	
8	0	0	0	0	309	
9	0	0	0	0	309	
10	0	0	0	0	309	
11	0	0	0	0	309	
12	0	0	0	0	310	
13	0	0	0	0	310	
14	0	0	0	0	310	
15	0	0	0	0	310	
0	0	0	0	0	310	
1	0	0	0	0	310	
2	0	0	0	0	310	
3	0	0	0	0	310	
4	0	0	0	0	310	
5	0	0	0	0	310	
6	0	0	0	0	311	
7	0	0	0	0	311	
8	0	0	0	0	311	
9	0	0	0	0	311	
10	0	0	0	0	311	
11	0	0	0	0	311	
12	0	0	0	0	311	
13	0	0	0	0	311	
14	0	0	0	0	311	
15	0	0	0	0	311	
0	0	0	0	0	311	
1	0	0	0	0	311	
2	0	0	0	0	312	
3	0	0	0	0	312	
4	0	0	0	0	312	
5	0	0	0	0	312	
6	0	0	0	0	312	
7	0	0	0	0	312	
8	0	0	0	0	312	
9	0	0	0	0	312	
10	0	0	0	0	312	
11	0	0	0	0	312	
12	0	0	0	0	312	
13	0	0	0	0	312	
14	0	0	0	0	312	
15	0	0	0	0	312	
0	0	0	0	0	312	
1	0	0	0	0	312	
2	0	0	0	0	312	
3	0	0	0	0	312	
4	0	0	0	0	312	
5	0	0	0	0	312	
6	0	0	0	0	312	
7	0	0	0	0	312	
8	0	0	0	0	313	
9	0	0	0	0	313	
10	0	0	0	0	313	
11	0	0	0	0	313	
12	0	0	0	0	313	
13	0	0	0	0	313	
14	0	0	0	0	313	
15	0	0	0	0	313	
0	0	0	0	0	313	
1	0	0	0	0	313	
2	0	0	0	0	313	
3	0	0	0	0	313	
4	0	0	0	0	313	
5	0	0	0	0	313	
6	0	0	0	0	313	
7	0	0	0	0	313	
8	0	0	0	0	313	
9	0	0	0	0	313	
10	0	0	0	0	313	
11	0	0	0	0	313	
12	0	0	0	0	313	
13	0	0	0	0	313	
14	0	0	0	0	313	
15	0	0	0	0	313	
0	0	0	0	0	313	
1	0	0	0	0	313	
2	0	0	0	0	313	
3	0	0	0	0	313	
4	0	0	0	0	313	
5	0	0	0	0	313	
6	0	0	0	0	313	
7	0	0	0	0	313	
8	0	0	0	0	313	
9	0	0	0	0	313	
10	0	0	0	0	313	
11	0	0	0	0	313	
12	0	0	0	0	313	
13	0	0	0	0	313	
14	0	0	0	0	313	
15	0	0	0	0	313	
0	0	0	0	0	313	
1	0	0	0	0	313	
2	0	0	0	0	313	
3	0	0	0	0	313	
4	0	0	0	0	313	
5	0	0	0	0	313	
6	0	0	0	0	313	
7	0	0	0	0	313	
8	0	0	0	0	313	
9	0	0	0	0	313	
10	0	0	0	0	314	
11	0	0	0	0	313	
12	0	0	0	0	313	
13	0	0	0	0	313	
14	0	0	0	0	314	
15	0	0	0	0	313	
0	0	0	0	0	313	
1	0	0	0	0	313	
2	0	0	0	0	314	
3	0	0	0	0	314	
4	0	0	0	0	313	
5	0	0	0	0	313	
6	0	0	0	0	314	
7	0	0	0	0	314	
8	0	0	0	0	314	
9	0	0	0	0	314	
10	0	0	0	0	314	
11	0	0	0	0	314	
12	0	0	0	0	314	
13	0	0	0	0	314	
14	0	0	0	0	314	
15	0	0	0	0	314	
0	0	0	0	0	314	
1	0	0	0	0	314	
2	0	0	0	0	314	
3	0	0	0	0	314	
4	0	0	0	0	314	
5	0	0	0	0	314	
6	0	0	0	0	314	
7	0	0	0	0	314	
8	0	0	0	0	314	
9	0	0	0	0	314	
10	0	0	0	0	314	
11	0	0	0	0	314	
12	0	0	0	0	314	
13	0	0	0	0	314	
14	0	0	0	0	314	
15	0	0	0	0	314	
0	0	0	0	0	314	
1	0	0	0	0	314	
2	0	0	0	0	314	
3	0	0	0	0	314	
4	0	0	0	0	314	
5	0	0	0	0	314	
6	0	0	0	0	314	
7	0	0	0	0	314	
8	0	0	0	0	314	
9	0	0	0	0	314	
10	0	0	0	0	314	
11	0	0	0	0	314	
12	0	0	0	0	314	
13	0	0	0	0	314	
14	0	0	0	0	314	
15	0	0	0	0	313	
0	0	0	0	0	313	
1	0	0	0	0	313	
2	0	0	0	0	313	
3	0	0	0	0	313	
4	0	0	0	0	313	
5	0	0	0	0	313	
6	0	0	0	0	313	
7	0	0	0	0	313	
8	0	0	0	0	313	
9	0	0	0	0	313	
10	0	0	0	0	313	
11	0	0	0	0	313	
12	0	0	0	0	313	
13	0	0	0	0	313	
14	0	0	0	0	313	
15	0	0	0	0	313	
0	0	0	0	0	313	
1	0	0	0	0	313	
2	0	0	0	0	313	
3	0	0	0	0	313	
4	0	0	0	0	313	
5	0	0	0	0	313	
6	0	0	0	0	313	
7	0	0	0	0	313	
8	0	0	0	0	313	
9	0	0	0	0	313	
10	0	0	0	0	313	
11	0	0	0	0	313	
12	0	0	0	0	313	
13	0	0	0	0	313	
14	0	0	0	0	313	
15	0	0	0	0	313	
0	0	0	0	0	313	
1	0	0	0	0	313	
2	0	0	0	0	313	
3	0	0	0	0	313	
4	0	0	0	0	313	
5	0	0	0	0	313	
6	0	0	0	0	313	
7	0	0	0	0	313	
8	0	0	0	0	312	
9	0	0	0	0	313	
10	0	0	0	0	313	
11	0	0	0	0	312	
12	0	0	0	0	312	
13	0	0	0	0	312	
14	0	0	0	0	312	
15	0	0	0	0	312	
0	0	0	0	0	312	
1	0	0	0	0	312	
2	0	0	0	0	312	
3	0	0	0	0	312	
4	0	0	0	0	312	
5	0	0	0	0	312	
6	0	0	0	0	312	
7	0	0	0	0	312	
8	0	0	0	0	312	
9	0	0	0	0	312	
10	0	0	0	0	312	
11	0	0	0	0	312	
12	0	0	0	0	312	
13	0	0	0	0	312	
14	0	0	0	0	312	
15	0	0	0	0	312	
0	0	0	0	0	312	
1	0	0	0	0	312	
2	0	0	0	0	312	
3	0	0	0	0	312	
4	0	0	0	0	312	
5	0	0	0	0	312	
6	0	0	0	0	312	
7	0	0	0	0	312	
8	0	0	0	0	312	
9	0	0	0	0	312	
10	0	0	0	0	312	
11	0	0	0	0	312	
12	0	0	0	0	312	
13	0	0	0	0	312	
14	0	0	0	0	312	
15	0	0	0	0	312	
0	0	0	0	0	312	
1	0	0	0	0	312	
2	0	0	0	0	312	
3	0	0	0	0	312	
4	0	0	0	0	312	
5	0	0	0	0	312	
6	0	0	0	0	312	
7	0	0	0	0	312	
8	0	0	0	0	312	
9	0	0	0	0	312	
10	0	0	0	0	312	
11	0	0	0	0	312	
12	0	0	0	0	311	
13	0	0	0	0	311	
14	0	0	0	0	311	
15	0	0	0	0	311	
0	0	0	0	0	311	
1	0	0	0	0	311	
2	0	0	0	0	312	
3	0	0	0	0	311	
4	0	0	0	0	311	
5	0	0	0	0	311	
6	0	0	0	0	312	
7	0	0	0	0	311	
8	0	0	0	0	311	
9	0	0	0	0	311	
10	0	0	0	0	311	
11	0	0	0	0	311	
12	0	0	0	0	311	
13	0	0	0	0	311	
14	0	0	0	0	311	
15	0	0	0	0	311	
0	0	0	0	0	311	
1	0	0	0	0	311	
2	0	0	0	0	311	
3	0	0	0	0	311	
4	0	0	0	0	311	
5	0	0	0	0	311	
6	0	0	0	0	311	
7	0	0	0	0	311	
8	0	0	0	0	311	
9	0	0	0	0	311	
10	0	0	0	0	311	
11	0	0	0	0	311	
12	0	0	0	0	311	
13	0	0	0	0	311	
14	0	0	0	0	311	
15	0	0	0	0	311	
0	0	0	0	0	311	
1	0	0	0	0	311	
2	0	0	0	0	311	
3	0	0	0	0	311	
4	0	0	0	0	311	
5	0	0	0	0	311	
6	0	0	0	0	311	
7	0	0	0	0	311	
8	0	0	0	0	311	
9	0	0	0	0	311	
10	0	0	0	0	311	
11	0	0	0	0	311	
12	0	0	0	0	311	
13	0	0	0	0	311	
14	0	0	0	0	311	
15	0	0	0	0	311	
0	0	0	0	0	311	
1	0	0	0	0	311	
2	0	0	0	0	311	
3	0	0	0	0	311	
4	0	0	0	0	311	
5	0	0	0	0	311	
6	0	0	0	0	311	
7	0	0	0	0	311	
8	0	0	0	0	311	
9	0	0	0	0	311	
10	0	0	0	0	311	
11	0	0	0	0	311	
12	0	0	0	0	311	
13	0	0	0	0	311	
14	0	0	0	0	311	
15	0	0	0	0	311	
0	0	0	0	0	310	
1	0	0	0	0	311	
2	0	0	0	0	311	
3	0	0	0	0	310	
4	0	0	0	0	310	
5	0	0	0	0	310	
6	0	0	0	0	311	
7	0	0	0	0	311	
8	0	0	0	0	310	
9	0	0	0	0	310	
10	0	0	0	0	311	
11	0	0	0	0	310	
12	0	0	0	0	310	
13	0	0	0	0	311	
14	0	0	0	0	311	
15	0	0	0	0	311	
0	0	0	0	0	311	
1	0	0	0	0	310	
2	0	0	0	0	311	
3	0	0	0	0	311	
4	0	0	0	0	311	
5	0	0	0	0	311	
6	0	0	0	0	311	
7	0	0	0	0	311	
8	0	0	0	0	311	
9	0	0	0	0	311	
10	0	0	0	0	311	
11	0	0	0	0	311	
12	0	0	0	0	311	
13	0	0	0	0	311	
14	0	0	0	0	311	
15	0	0	0	0	311	
0	0	0	0	0	311	
1	0	0	0	0	311	
2	0	0	0	0	311	
3	0	0	0	0	311	
4	0	0	0	0	311	
5	0	0	0	0	311	
6	0	0	0	0	311	
7	0	0	0	0	311	
8	0	0	0	0	311	
9	0	0	0	0	311	
10	0	0	0	0	311	
11	0	0	0	0	311	
12	0	0	0	0	311	
13	0	0	0	0	311	
14	0	0	0	0	311	
15	0	0	0	0	311	
0	0	0	0	0	311	
1	0	0	0	0	311	
2	0	0	0	0	311	
3	0	0	0	0	311	
4	0	0	0	0	311	
5	0	0	0	0	311	
6	0	0	0	0	311	
7	0	0	0	0	311	
8	0	0	0	0	311	
9	0	0	0	0	311	
10	0	0	0	0	311	
11	0	0	0	0	311	
12	0	0	0	0	311	
13	0	0	0	0	311	
14	0	0	0	0	311	
15	0	0	0	0	311	
0	0	0	0	0	311	
1	0	0	0	0	311	
2	0	0	0	0	311	
3	0	0	0	0	311	
4	0	0	0	0	311	
5	0	0	0	0	311	
6	0	0	0	0	311	
7	0	0	0	0	311	
8	0	0	0	0	311	
9	0	0	0	0	311	
10	0	0	0	0	311	
11	0	0	0	0	311	
12	0	0	0	0	311	
13	0	0	0	0	311	
14	0	0	0	0	311	
15	0	0	0	0	311	
0	0	0	0	0	311	
1	0	0	0	0	311	
2	0	0	0	0	311	
3	0	0	0	0	311	
4	0	0	0	0	311	
5	0	0	0	0	311	
6	0	0	0	0	311	
7	0	0	0	0	311	
8	0	0	0	0	311	
9	0	0	0	0	311	
10	0	0	0	0	311	
11	0	0	0	0	311	
12	0	0	0	0	311	
13	0	0	0	0	311	
14	0	0	0	0	312	
15	0	0	0	0	311	
0	0	0	0	0	311	
1	0	0	0	0	311	
2	0	0	0	0	311	
3	0	0	0	0	311	
4	0	0	0	0	311	
5	0	0	0	0	311	
6	0	0	0	0	312	
7	0	0	0	0	312	
8	0	0	0	0	311	
9	0	0	0	0	311	
10	0	0	0	0	312	
11	0	0	0	0	311	
12	0	0	0	0	311	
13	0	0	0	0	312	
14	0	0	0	0	312	
15	0	0	0	0	312	
0	0	0	0	0	311	
1	0	0	0	0	312	
2	0	0	0	0	312	
3	0	0	0	0	312	
4	0	0	0	0	312	
5	0	0	0	0	311	
6	0	0	0	0	312	
7	0	0	0	0	311	
8	0	0	0	0	312	
9	0	0	0	0	312	
10	0	0	0	0	312	
11	0	0	0	0	311	
12	0	0	0	0	311	
13	0	0	0	0	312	
14	0	0	0	0	312	
15	0	0	0	0	312	
0	0	0	0	0	311	
1	0	0	0	0	312	
2	0	0	0	0	312	
3	0	0	0	0	312	
4	0	0	0	0	311	
5	0	0	0	0	312	
6	0	0	0	0	312	
7	0	0	0	0	312	
8	0	0	0	0	312	
9	0	0	0	0	312	
10	0	0	0	0	312	
11	0	0	0	0	312	
12	0	0	0	0	312	
13	0	0	0	0	312	
14	0	0	0	0	312	
15	0	0	0	0	312	
0	0	0	0	0	312	
1	0	0	0	0	312	
2	0	0	0	0	312	
3	0	0	0	0	312	
4	0	0	0	0	312	
5	0	0	0	0	312	
6	0	0	0	0	312	
7	0	0	0	0	311	
8	0	0	0	0	311	
9	0	0	0	0	311	
10	0	0	0	0	312	
11	0	0	0	0	311	
12	0	0	0	0	311	
13	0	0	0	0	311	
14	0	0	0	0	312	
15	0	0	0	0	311	
0	0	0	0	0	311	
1	0	0	0	0	311	
2	0	0	0	0	311	
3	0	0	0	0	311	
4	0	0	0	0	311	
5	0	0	0	0	311	
6	0	0	0	0	311	
7	0	0	0	0	311	
8	0	0	0	0	311	
9	0	0	0	0	311	
10	0	0	0	0	311	
11	0	0	0	0	311	
12	0	0	0	0	311	
13	0	0	0	0	311	
14	0	0	0	0	312	
15	0	0	0	0	311	
0	0	0	0	0	311	
1	0	0	0	0	311	
2	0	0	0	0	311	
3	0	0	0	0	311	
4	0	0	0	0	311	
5	0	0	0	0	311	
6	0	0	0	0	311	
7	0	0	0	0	311	
8	0	0	0	0	311	
9	0	0	0	0	311	
10	0	0	0	0	311	
11	0	0	0	0	311	
12	0	0	0	0	311	
13	0	0	0	0	311	
14	0	0	0	0	311	
15	0	0	0	0	311	
0	0	0	0	0	311	
1	0	0	0	0	311	
2	0	0	0	0	311	
3	0	0	0	0	311	
4	0	0	0	0	311	
5	0	0	0	0	311	
6	0	0	0	0	311	
7	0	0	0	0	311	
8	0	0	0	0	311	
9	0	0	0	0	311	
10	0	0	0	0	311	
11	0	0	0	0	311	
12	0	0	0	0	311	
13	0	0	0	0	311	
14	0	0	0	0	311	
15	0	0	0	0	311	
0	0	0	0	0	311	
1	0	0	0	0	311	
2	0	0	0	0	311	
3	0	0	0	0	311	
4	0	0	0	0	311	
5	0	0	0	0	311	
6	0	0	0	0	311	
7	0	0	0	0	311	
8	0	0	0	0	311	
9	0	0	0	0	311	
10	0	0	0	0	311	
11	0	0	0	0	311	
12	0	0	0	0	311	
13	0	0	0	0	311	
14	0	0	0	0	311	
15	0	0	0	0	311	
0	0	0	0	0	311	
1	0	0	0	0	311	
2	0	0	0	0	311	
3	0	0	0	0	311	
4	0	0	0	0	311	
5	0	0	0	0	311	
6	0	0	0	0	311	
7	0	0	0	0	311	
8	0	0	0	0	311	
9	0	0	0	0	311	
10	0	0	0	0	311	
11	0	0	0	0	311	
12	0	0	0	0	311	
13	0	0	0	0	311	
14	0	0	0	0	311	
15	0	0	0	0	311	
0	0	0	0	0	311	
1	0	0	0	0	311	
2	0	0	0	0	311	
3	0	0	0	0	311	
4	0	0	0	0	311	
5	0	0	0	0	311	
6	0	0	0	0	311	
7	0	0	0	0	310	
8	0	0	0	0	311	
9	0	0	0	0	310	
10	0	0	0	0	311	
11	0	0	0	0	310	
12	0	0	0	0	310	
13	0	0	0	0	310	
14	0	0	0	0	310	
15	0	0	0	0	310	
0	0	0	0	0	310	
1	0	0	0	0	310	
2	0	0	0	0	310	
3	0	0	0	0	310	
4	0	0	0	0	310	
5	0	0	0	0	310	
6	0	0	0	0	310	
7	0	0	0	0	310	
8	0	0	0	0	310	
9	0	0	0	0	310	
10	0	0	0	0	310	
11	0	0	0	0	310	
12	0	0	0	0	310	
13	0	0	0	0	310	
14	0	0	0	0	310	
15	0	0	0	0	310	
0	0	0	0	0	310	
1	0	0	0	0	310	
2	0	0	0	0	310	
3	0	0	0	0	310	
4	0	0	0	0	310	
5	0	0	0	0	310	
6	0	0	0	0	310	
7	0	0	0	0	310	
8	0	0	0	0	310	
9	0	0	0	0	310	
10	0	0	0	0	310	
11	0	0	0	0	310	
12	0	0	0	0	310	
13	0	0	0	0	310	
14	0	0	0	0	310	
15	0	0	0	0	310	
0	0	0	0	0	310	
1	0	0	0	0	310	
2	0	0	0	0	310	
3	0	0	0	0	310	
4	0	0	0	0	310	
5	0	0	0	0	310	
6	0	0	0	0	310	
7	0	0	0	0	310	
8	0	0	0	0	310	
9	0	0	0	0	310	
10	0	0	0	0	310	
11	0	0	0	0	310	
12	0	0	0	0	310	
13	0	0	0	0	310	
14	0	0	0	0	310	
15	0	0	0	0	310	
0	0	0	0	0	310	
1	0	0	0	0	310	
2	0	0	0	0	310	
3	0	0	0	0	310	
4	0	0	0	0	310	
5	0	0	0	0	310	
6	0	0	0	0	310	
7	0	0	0	0	310	
8	0	0	0	0	310	
9	0	0	0	0	310	
10	0	0	0	0	310	
11	0	0	0	0	310	
12	0	0	0	0	310	
13	0	0	0	0	310	
14	0	0	0	0	310	
15	0	0	0	0	310	
0	0	0	0	0	310	
1	0	0	0	0	310	
2	0	0	0	0	311	
3	0	0	0	0	310	
4	0	0	0	0	311	
5	0	0	0	0	310	
6	0	0	0	0	311	
7	0	0	0	0	311	
8	0	0	0	0	311	
9	0	0	0	0	311	
10	0	0	0	0	311	
11	0	0	0	0	311	
12	0	0	0	0	311	
13	0	0	0	0	311	
14	0	0	0	0	311	
15	0	0	0	0	311	
0	0	0	0	0	311	
1	0	0	0	0	311	
2	0	0	0	0	311	
3	0	0	0	0	310	
4	0	0	0	0	311	
5	0	0	0	0	310	
6	0	0	0	0	311	
7	0	0	0	0	311	
8	0	0	0	0	311	
9	0	0	0	0	311	
10	0	0	0	0	311	
11	0	0	0	0	311	
12	0	0	0	0	310	
13	0	0	0	0	310	
14	0	0	0	0	311	
15	0	0	0	0	310	
0	0	0	0	0	310	
1	0	0	0	0	310	
2	0	0	0	0	311	
3	0	0	0	0	310	
4	0	0	0	0	310	
5	0	0	0	0	310	
6	0	0	0	0	311	
7	0	0	0	0	310	
8	0	0	0	0	310	
9	0	0	0	0	310	
10	0	0	0	0	311	
11	0	0	0	0	310	
12	0	0	0	0	310	
13	0	0	0	0	310	
14	0	0	0	0	310	
15	0	0	0	0	310	
0	0	0	0	0	310	
1	0	0	0	0	310	
2	0	0	0	0	310	
3	0	0	0	0	310	
4	0	0	0	0	310	
5	0	0	0	0	310	
6	0	0	0	0	310	
7	0	0	0	0	310	
8	0	0	0	0	310	
9	0	0	0	0	310	
10	0	0	0	0	310	
11	0	0	0	0	310	
12	0	0	0	0	310	
13	0	0	0	0	310	
14	0	0	0	0	310	
15	0	0	0	0	310	
0	0	0	0	0	310	
1	0	0	0	0	310	
2	0	0	0	0	310	
3	0	0	0	0	310	
4	0	0	0	0	310	
5	0	0	0	0	310	
6	0	0	0	0	310	
7	0	0	0	0	310	
8	0	0	0	0	310	
9	0	0	0	0	310	
10	0	0	0	0	310	
11	0	0	0	0	310	
12	0	0	0	0	310	
13	0	0	0	0	310	
14	0	0	0	0	310	
15	0	0	0	0	310	
0	0	0	0	0	310	
1	0	0	0	0	310	
2	0	0	0	0	310	
3	0	0	0	0	310	
4	0	0	0	0	310	
5	0	0	0	0	310	
6	0	0	0	0	310	
7	0	0	0	0	310	
8	0	0	0	0	310	
9	0	0	0	0	310	
10	0	0	0	0	310	
11	0	0	0	0	310	
12	0	0	0	0	310	
13	0	0	0	0	310	
14	0	0	0	0	310	
15	0	0	0	0	310	
0	0	0	0	0	310	
1	0	0	0	0	310	
2	0	0	0	0	310	
3	0	0	0	0	310	
4	0	0	0	0	310	
5	0	0	0	0	310	
6	0	0	0	0	310	
7	0	0	0	0	310	
8	0	0	0	0	310	
9	0	0	0	0	310	
10	0	0	0	0	310	
11	0	0	0	0	310	
12	0	0	0	0	310	
13	0	0	0	0	310	
14	0	0	0	0	310	
15	0	0	0	0	310	
0	0	0	0	0	310	
1	0	0	0	0	310	
2	0	0	0	0	310	
3	0	0	0	0	310	
4	0	0	0	0	310	
5	0	0	0	0	310	
6	0	0	0	0	310	
7	0	0	0	0	310	
8	0	0	0	0	310	
9	0	0	0	0	310	
10	0	0	0	0	310	
11	0	0	0	0	309	
12	0	0	0	0	309	
13	0	0	0	0	309	
14	0	0	0	0	310	
15	0	0	0	0	309	
0	0	0	0	0	309	
1	0	0	0	0	309	
2	0	0	0	0	309	
3	0	0	0	0	309	
4	0	0	0	0	309	
5	0	0	0	0	309	
6	0	0	0	0	309	
7	0	0	0	0	309	
8	0	0	0	0	309	
9	0	0	0	0	309	
10	0	0	0	0	309	
11	0	0	0	0	309	
12	0	0	0	0	309	
13	0	0	0	0	309	
14	0	0	0	0	309	
15	0	0	0	0	309	
0	0	0	0	0	309	
1	0	0	0	0	309	
2	0	0	0	0	309	
3	0	0	0	0	309	
4	0	0	0	0	309	
5	0	0	0	0	309	
6	0	0	0	0	309	
7	0	0	0	0	309	
8	0	0	0	0	309	
9	0	0	0	0	309	
10	0	0	0	0	309	
11	0	0	0	0	309	
12	0	0	0	0	309	
13	0	0	0	0	309	
14	0	0	0	0	309	
15	0	0	0	0	309	
0	0	0	0	0	309	
1	0	0	0	0	309	
2	0	0	0	0	309	
3	0	0	0	0	309	
4	0	0	0	0	309	
5	0	0	0	0	309	
6	0	0	0	0	309	
7	0	0	0	0	309	
8	0	0	0	0	309	
9	0	0	0	0	309	
10	0	0	0	0	309	
11	0	0	0	0	309	
12	0	0	0	0	309	
13	0	0	0	0	309	
14	0	0	0	0	309	
15	0	0	0	0	309	
0	0	0	0	0	309	
1	0	0	0	0	309	
2	0	0	0	0	309	
3	0	0	0	0	309	
4	0	0	0	0	309	
5	0	0	0	0	309	
6	0	0	0	0	309	
7	0	0	0	0	309	
8	0	0	0	0	309	
9	0	0	0	0	309	
10	0	0	0	0	309	
11	0	0	0	0	308	
12	0	0	0	0	308	
13	0	0	0	0	308	
14	0	0	0	0	308	
15	0	0	0	0	308	
0	0	0	0	0	308	
1	0	0	0	0	308	
2	0	0	0	0	308	
3	0	0	0	0	308	
4	0	0	0	0	308	
5	0	0	0	0	308	
6	0	0	0	0	308	
7	0	0	0	0	308	
8	0	0	0	0	308	
9	0	0	0	0	308	
10	0	0	0	0	308	
11	0	0	0	0	308	
12	0	0	0	0	308	
13	0	0	0	0	308	
14	0	0	0	0	308	
15	0	0	0	0	308	
0	0	0	0	0	308	
1	0	0	0	0	308	
2	0	0	0	0	308	
3	0	0	0	0	308	
4	0	0	0	0	308	
5	0	0	0	0	308	
6	0	0	0	0	308	
7	0	0	0	0	308	
8	0	0	0	0	308	
9	0	0	0	0	308	
10	0	0	0	0	308	
11	0	0	0	0	308	
12	0	0	0	0	308	
13	0	0	0	0	308	
14	0	0	0	0	308	
15	0	0	0	0	308	
0	0	0	0	0	308	
1	0	0	0	0	308	
2	0	0	0	0	308	
3	0	0	0	0	308	
4	0	0	0	0	308	
5	0	0	0	0	308	
6	0	0	0	0	308	
7	0	0	0	0	308	
8	0	0	0	0	308	
9	0	0	0	0	308	
10	0	0	0	0	308	
11	0	0	0	0	308	
12	0	0	0	0	308	
13	0	0	0	0	308	
14	0	0	0	0	308	
15	0	0	0	0	308	
0	0	0	0	0	308	
1	0	0	0	0	308	
2	0	0	0	0	308	
3	0	0	0	0	308	
4	0	0	0	0	308	
5	0	0	0	0	308	
6	0	0	0	0	308	
7	0	0	0	0	308	
8	0	0	0	0	308	
9	0	0	0	0	308	
10	0	0	0	0	308	
11	0	0	0	0	308	
12	0	0	0	0	308	
13	0	0	0	0	308	
14	0	0	0	0	308	
15	0	0	0	0	308	
0	0	0	0	0	308	
1	0	0	0	0	308	
2	0	0	0	0	308	
3	0	0	0	0	308	
4	0	0	0	0	308	
5	0	0	0	0	308	
6	0	0	0	0	308	
7	0	0	0	0	308	
8	0	0	0	0	308	
9	0	0	0	0	308	
10	0	0	0	0	308	
11	0	0	0	0	308	
12	0	0	0	0	308	
13	0	0	0	0	308	
14	0	0	0	0	308	
15	0	0	0	0	308	
0	0	0	0	0	308	
1	0	0	0	0	308	
2	0	0	0	0	308	
3	0	0	0	0	308	
4	0	0	0	0	308	
5	0	0	0	0	308	
6	0	0	0	0	308	
7	0	0	0	0	308	
8	0	0	0	0	307	
9	0	0	0	0	308	
10	0	0	0	0	308	
11	0	0	0	0	307	
12	0	0	0	0	307	
13	0	0	0	0	307	
14	0	0	0	0	307	
15	0	0	0	0	307	
0	0	0	0	0	307	
1	0	0	0	0	307	
2	0	0	0	0	307	
3	0	0	0	0	307	
4	0	0	0	0	307	
5	0	0	0	0	307	
6	0	0	0	0	307	
7	0	0	0	0	307	
8	0	0	0	0	307	
9	0	0	0	0	307	
10	0	0	0	0	307	
11	0	0	0	0	307	
12	0	0	0	0	307	
13	0	0	0	0	307	
14	0	0	0	0	307	
15	0	0	0	0	306	
0	0	0	0	0	306	
1	0	0	0	0	306	
2	0	0	0	0	306	
3	0	0	0	0	306	
4	0	0	0	0	306	
5	0	0	0	0	306	
6	0	0	0	0	306	
7	0	0	0	0	306	
8	0	0	0	0	306	
9	0	0	0	0	306	
10	0	0	0	0	306	
11	0	0	0	0	306	
12	0	0	0	0	306	
13	0	0	0	0	306	
14	0	0	0	0	306	
15	0	0	0	0	306	
0	0	0	0	0	306	
1	0	0	0	0	306	
2	0	0	0	0	306	
3	0	0	0	0	305	
4	0	0	0	0	305	
5	0	0	0	0	305	
6	0	0	0	0	305	
7	0	0	0	0	305	
8	0	0	0	0	305	
9	0	0	0	0	305	
10	0	0	0	0	305	
11	0	0	0	0	305	
12	0	0	0	0	305	
13	0	0	0	0	305	
14	0	0	0	0	306	
15	0	0	0	0	306	
0	0	0	0	0	306	
1	0	0	0	0	307	
2	0	0	0	0	307	
3	0	0	0	0	307	
4	0	0	0	0	307	
5	0	0	0	0	307	
6	0	0	0	0	307	
7	0	0	0	0	307	
8	0	0	0	0	307	
9	0	0	0	0	307	
10	0	0	0	0	307	
11	0	0	0	0	307	
12	0	0	0	0	307	
13	0	0	0	0	307	
14	0	0	0	0	307	
15	0	0	0	0	307	
0	0	0	0	0	307	
1	0	0	0	0	307	
2	0	0	0	0	307	
3	0	0	0	0	307	
4	0	0	0	0	307	
5	0	0	0	0	307	
6	0	0	0	0	307	
7	0	0	0	0	307	
8	0	0	0	0	307	
9	0	0	0	0	307	
10	0	0	0	0	307	
11	0	0	0	0	307	
12	0	0	0	0	307	
13	0	0	0	0	307	
14	0	0	0	0	307	
15	0	0	0	0	307	
0	0	0	0	0	307	
1	0	0	0	0	307	
2	0	0	0	0	307	
3	0	0	0	0	307	
4	0	0	0	0	307	
5	0	0	0	0	307	
6	0	0	0	0	307	
7	0	0	0	0	307	
8	0	0	0	0	307	
9	0	0	0	0	307	
10	0	0	0	0	307	
11	0	0	0	0	307	
12	0	0	0	0	307	
13	0	0	0	0	307	
14	0	0	0	0	307	
15	0	0	0	0	307	
0	0	0	0	0	307	
1	0	0	0	0	307	
2	0	0	0	0	307	
3	0	0	0	0	307	
4	0	0	0	0	307	
5	0	0	0	0	307	
6	0	0	0	0	307	
7	0	0	0	0	307	
8	0	0	0	0	307	
9	0	0	0	0	307	
10	0	0	0	0	307	
11	0	0	0	0	307	
12	0	0	0	0	307	
13	0	0	0	0	307	
14	0	0	0	0	307	
15	0	0	0	0	307	
0	0	0	0	0	307	
1	0	0	0	0	307	
2	0	0	0	0	307	
3	0	0	0	0	307	
4	0	0	0	0	307	
5	0	0	0	0	307	
6	0	0	0	0	307	
7	0	0	0	0	307	
8	0	0	0	0	307	
9	0	0	0	0	307	
10	0	0	0	0	307	
11	0	0	0	0	307	
12	0	0	0	0	307	
13	0	0	0	0	307	
14	0	0	0	0	307	
15	0	0	0	0	307	
0	0	0	0	0	307	
1	0	0	0	0	307	
2	0	0	0	0	307	
3	0	0	0	0	307	
4	0	0	0	0	307	
5	0	0	0	0	307	
6	0	0	0	0	307	
7	0	0	0	0	307	
8	0	0	0	0	307	
9	0	0	0	0	307	
10	0	0	0	0	307	
11	0	0	0	0	307	
12	0	0	0	0	307	
13	0	0	0	0	307	
14	0	0	0	0	307	
15	0	0	0	0	307	
0	0	0	0	0	307	
1	0	0	0	0	307	
2	0	0	0	0	307	
3	0	0	0	0	307	
4	0	0	0	0	307	
5	0	0	0	0	307	
6	0	0	0	0	307	
7	0	0	0	0	307	
8	0	0	0	0	307	
9	0	0	0	0	307	
10	0	0	0	0	307	
11	0	0	0	0	307	
12	0	0	0	0	307	
13	0	0	0	0	307	
14	0	0	0	0	307	
15	0	0	0	0	307	
0	0	0	0	0	307	
1	0	0	0	0	307	
2	0	0	0	0	307	
3	0	0	0	0	307	
4	0	0	0	0	307	
5	0	0	0	0	307	
6	0	0	0	0	307	
7	0	0	0	0	307	
8	0	0	0	0	307	
9	0	0	0	0	307	
10	0	0	0	0	307	
11	0	0	0	0	307	
12	0	0	0	0	307	
13	0	0	0	0	307	
14	0	0	0	0	307	
15	0	0	0	0	307	
0	0	0	0	0	307	
1	0	0	0	0	307	
2	0	0	0	0	307	
3	0	0	0	0	307	
4	0	0	0	0	307	
5	0	0	0	0	307	
6	0	0	0	0	307	
7	0	0	0	0	307	
8	0	0	0	0	307	
9	0	0	0	0	307	
10	0	0	0	0	307	
11	0	0	0	0	307	
12	0	0	0	0	307	
13	0	0	0	0	307	
14	0	0	0	0	307	
15	0	0	0	0	307	
0	0	0	0	0	308	
1	0	0	0	0	308	
2	0	0	0	0	308	
3	0	0	0	0	308	
4	0	0	0	0	308	
5	0	0	0	0	308	
6	0	0	0	0	308	
7	0	0	0	0	308	
8	0	0	0	0	308	
9	0	0	0	0	308	
10	0	0	0	0	308	
11	0	0	0	0	308	
12	0	0	0	0	308	
13	0	0	0	0	308	
14	0	0	0	0	308	
15	0	0	0	0	308	
0	0	0	0	0	308	
1	0	0	0	0	308	
2	0	0	0	0	308	
3	0	0	0	0	308	
4	0	0	0	0	308	
5	0	0	0	0	308	
6	0	0	0	0	308	
7	0	0	0	0	308	
8	0	0	0	0	308	
9	0	0	0	0	308	
10	0	0	0	0	309	
11	0	0	0	0	308	
12	0	0	0	0	308	
13	0	0	0	0	308	
14	0	0	0	0	309	
15	0	0	0	0	309	
0	0	0	0	0	309	
1	0	0	0	0	309	
2	0	0	0	0	309	
3	0	0	0	0	309	
4	0	0	0	0	309	
5	0	0	0	0	309	
6	0	0	0	0	309	
7	0	0	0	0	309	
8	0	0	0	0	309	
9	0	0	0	0	309	
10	0	0	0	0	309	
11	0	0	0	0	309	
12	0	0	0	0	309	
13	0	0	0	0	309	
14	0	0	0	0	309	
15	0	0	0	0	309	
0	0	0	0	0	309	
1	0	0	0	0	309	
2	0	0	0	0	309	
3	0	0	0	0	309	
4	0	0	0	0	309	
5	0	0	0	0	309	
6	0	0	0	0	310	
7	0	0	0	0	310	
8	0	0	0	0	310	
9	0	0	0	0	310	
10	0	0	0	0	310	
11	0	0	0	0	310	
12	0	0	0	0	310	
13	0	0	0	0	310	
14	0	0	0	0	310	
15	0	0	0	0	310	
0	0	0	0	0	310	
1	0	0	0	0	310	
2	0	0	0	0	310	
3	0	0	0	0	310	
4	0	0	0	0	310	
5	0	0	0	0	310	
6	0	0	0	0	310	
7	0	0	0	0	310	
8	0	0	0	0	310	
9	0	0	0	0	310	
10	0	0	0	0	310	
11	0	0	0	0	310	
12	0	0	0	0	310	
13	0	0	0	0	311	
14	0	0	0	0	311	
15	0	0	0	0	310	
0	0	0	0	0	310	
1	0	0	0	0	311	
2	0	0	0	0	311	
3	0	0	0	0	311	
4	0	0	0	0	311	
5	0	0	0	0	311	
6	0	0	0	0	311	
7	0	0	0	0	311	
8	0	0	0	0	311	
9	0	0	0	0	311	
10	0	0	0	0	311	
11	0	0	0	0	311	
12	0	0	0	0	311	
13	0	0	0	0	311	
14	0	0	0	0	311	
15	0	0	0	0	311	
0	0	0	0	0	311	
1	0	0	0	0	311	
2	0	0	0	0	311	
3	0	0	0	0	311	
4	0	0	0	0	311	
5	0	0	0	0	311	
6	0	0	0	0	311	
7	0	0	0	0	311	
8	0	0	0	0	311	
9	0	0	0	0	311	
10	0	0	0	0	311	
11	0	0	0	0	311	
12	0	0	0	0	311	
13	0	0	0	0	311	
14	0	0	0	0	311	
15	0	0	0	0	311	
0	0	0	0	0	311	
1	0	0	0	0	311	
2	0	0	0	0	311	
3	0	0	0	0	311	
4	0	0	0	0	311	
5	0	0	0	0	311	
6	0	0	0	0	311	
7	0	0	0	0	311	
8	0	0	0	0	311	
9	0	0	0	0	311	
10	0	0	0	0	312	
11	0	0	0	0	311	
12	0	0	0	0	311	
13	0	0	0	0	311	
14	0	0	0	0	312	
15	0	0	0	0	312	
0	0	0	0	0	312	
1	0	0	0	0	312	
2	0	0	0	0	312	
3	0	0	0	0	312	
4	0	0	0	0	312	
5	0	0	0	0	312	
6	0	0	0	0	312	
7	0	0	0	0	312	
8	0	0	0	0	312	
9	0	0	0	0	312	
10	0	0	0	0	312	
11	0	0	0	0	312	
12	0	0	0	0	312	
13	0	0	0	0	312	
14	0	0	0	0	312	
15	0	0	0	0	312	
0	0	0	0	0	312	
1	0	0	0	0	312	
2	0	0	0	0	312	
3	0	0	0	0	312	
4	0	0	0	0	312	
5	0	0	0	0	312	
6	0	0	0	0	312	
7	0	0	0	0	312	
8	0	0	0	0	312	
9	0	0	0	0	312	
10	0	0	0	0	312	
11	0	0	0	0	312	
12	0	0	0	0	312	
13	0	0	0	0	312	
14	0	0	0	0	312	
15	0	0	0	0	312	
0	0	0	0	0	312	
1	0	0	0	0	312	
2	0	0	0	0	312	
3	0	0	0	0	312	
4	0	0	0	0	312	
5	0	0	0	0	312	
6	0	0	0	0	312	
7	0	0	0	0	312	
8	0	0	0	0	312	
9	0	0	0	0	312	
10	0	0	0	0	312	
11	0	0	0	0	312	
12	0	0	0	0	312	
13	0	0	0	0	312	
14	0	0	0	0	312	
15	0	0	0	0	312	
0	0	0	0	0	312	
1	0	0	0	0	312	
2	0	0	0	0	312	
3	0	0	0	0	312	
4	0	0	0	0	313	
5	0	0	0	0	313	
6	0	0	0	0	313	
7	0	0	0	0	313	
8	0	0	0	0	313	
9	0	0	0	0	313	
10	0	0	0	0	313	
11	0	0	0	0	313	
12	0	0	0	0	313	
13	0	0	0	0	313	
14	0	0	0	0	314	
15	0	0	0	0	313	
0	0	0	0	0	314	
1	0	0	0	0	314	
2	0	0	0	0	314	
3	0	0	0	0	314	
4	0	0	0	0	314	
5	0	0	0	0	314	
6	0	0	0	0	314	
7	0	0	0	0	314	
8	0	0	0	0	314	
9	0	0	0	0	313	
10	0	0	0	0	314	
11	0	0	0	0	313	
12	0	0	0	0	313	
13	0	0	0	0	313	
14	0	0	0	0	313	
15	0	0	0	0	313	
0	0	0	0	0	313	
1	0	0	0	0	313	
2	0	0	0	0	313	
3	0	0	0	0	313	
4	0	0	0	0	313	
5	0	0	0	0	313	
6	0	0	0	0	313	
7	0	0	0	0	313	
8	0	0	0	0	313	
9	0	0	0	0	313	
10	0	0	0	0	314	
11	0	0	0	0	313	
12	0	0	0	0	314	
13	0	0	0	0	314	
14	0	0	0	0	314	
15	0	0	0	0	313	
0	0	0	0	0	313	
1	0	0	0	0	313	
2	0	0	0	0	313	
3	0	0	0	0	313	
4	0	0	0	0	313	
5	0	0	0	0	313	
6	0	0	0	0	313	
7	0	0	0	0	313	
8	0	0	0	0	313	
9	0	0	0	0	313	
10	0	0	0	0	314	
11	0	0	0	0	314	
12	0	0	0	0	314	
13	0	0	0	0	313	
14	0	0	0	0	314	
15	0	0	0	0	313	
0	0	0	0	0	313	
1	0	0	0	0	313	
2	0	0	0	0	313	
3	0	0	0	0	313	
4	0	0	0	0	313	
5	0	0	0	0	312	
6	0	0	0	0	312	
7	0	0	0	0	312	
8	0	0	0	0	312	
9	0	0	0	0	312	
10	0	0	0	0	312	
11	0	0	0	0	312	
12	0	0	0	0	312	
13	0	0	0	0	312	
14	0	0	0	0	312	
15	0	0	0	0	312	
0	0	0	0	0	312	
1	0	0	0	0	312	
2	0	0	0	0	312	
3	0	0	0	0	312	
4	0	0	0	0	312	
5	0	0	0	0	312	
6	0	0	0	0	312	
7	0	0	0	0	312	
8	0	0	0	0	312	
9	0	0	0	0	312	
10	0	0	0	0	313	
11	0	0	0	0	313	
12	0	0	0	0	313	
13	0	0	0	0	313	
14	0	0	0	0	313	
15	0	0	0	0	313	
0	0	0	0	0	313	
1	0	0	0	0	313	
2	0	0	0	0	313	
3	0	0	0	0	313	
4	0	0	0	0	313	
5	0	0	0	0	313	
6	0	0	0	0	313	
7	0	0	0	0	313	
8	0	0	0	0	313	
9	0	0	0	0	313	
10	0	0	0	0	313	
11	0	0	0	0	313	
12	0	0	0	0	313	
13	0	0	0	0	313	
14	0	0	0	0	313	
15	0	0	0	0	313	
0	0	0	0	0	313	
1	0	0	0	0	313	
2	0	0	0	0	313	
3	0	0	0	0	313	
4	0	0	0	0	313	
5	0	0	0	0	313	
6	0	0	0	0	313	
7	0	0	0	0	313	
8	0	0	0	0	313	
9	0	0	0	0	313	
10	0	0	0	0	313	
11	0	0	0	0	313	
12	0	0	0	0	313	
13	0	0	0	0	313	
14	0	0	0	0	313	
15	0	0	0	0	313	
0	0	0	0	0	313	
1	0	0	0	0	313	
2	0	0	0	0	313	
3	0	0	0	0	313	
4	0	0	0	0	313	
5	0	0	0	0	313	
6	0	0	0	0	313	
7	0	0	0	0	313	
8	0	0	0	0	313	
9	0	0	0	0	313	
10	0	0	0	0	313	
11	0	0	0	0	313	
12	0	0	0	0	313	
13	0	0	0	0	313	
14	0	0	0	0	313	
15	0	0	0	0	313	
0	0	0	0	0	313	
1	0	0	0	0	313	
2	0	0	0	0	313	
3	0	0	0	0	313	
4	0	0	0	0	313	
5	0	0	0	0	313	
6	0	0	0	0	313	
7	0	0	0	0	313	
8	0	0	0	0	313	
9	0	0	0	0	313	
10	0	0	0	0	313	
11	0	0	0	0	313	
12	0	0	0	0	313	
13	0	0	0	0	313	
14	0	0	0	0	313	
15	0	0	0	0	313	
0	0	0	0	0	313	
1	0	0	0	0	313	
2	0	0	0	0	313	
3	0	0	0	0	313	
4	0	0	0	0	313	
5	0	0	0	0	313	
6	0	0	0	0	313	
7	0	0	0	0	313	
8	0	0	0	0	313	
9	0	0	0	0	312	
10	0	0	0	0	313	
11	0	0	0	0	312	
12	0	0	0	0	312	
13	0	0	0	0	312	
14	0	0	0	0	312	
15	0	0	0	0	312	
0	0	0	0	0	312	
1	0	0	0	0	312	
2	0	0	0	0	311	
3	0	0	0	0	311	
4	0	0	0	0	311	
5	0	0	0	0	311	
6	0	0	0	0	311	
7	0	0	0	0	311	
8	0	0	0	0	311	
9	0	0	0	0	311	
10	0	0	0	0	311	
11	0	0	0	0	311	
12	0	0	0	0	311	
13	0	0	0	0	311	
14	0	0	0	0	311	
15	0	0	0	0	311	
0	0	0	0	0	311	
1	0	0	0	0	311	
2	0	0	0	0	311	
3	0	0	0	0	311	
4	0	0	0	0	311	
5	0	0	0	0	311	
6	0	0	0	0	311	
7	0	0	0	0	311	
8	0	0	0	0	311	
9	0	0	0	0	311	
10	0	0	0	0	311	
11	0	0	0	0	311	
12	0	0	0	0	311	
13	0	0	0	0	311	
14	0	0	0	0	311	
15	0	0	0	0	311	
0	0	0	0	0	311	
1	0	0	0	0	312	
2	0	0	0	0	312	
3	0	0	0	0	312	
4	0	0	0	0	312	
5	0	0	0	0	312	
6	0	0	0	0	312	
7	0	0	0	0	312	
8	0	0	0	0	311	
9	0	0	0	0	311	
10	0	0	0	0	311	
11	0	0	0	0	311	
12	0	0	0	0	311	
13	0	0	0	0	311	
14	0	0	0	0	311	
15	0	0	0	0	311	
0	0	0	0	0	311	
1	0	0	0	0	311	
2	0	0	0	0	311	
3	0	0	0	0	311	
4	0	0	0	0	311	
5	0	0	0	0	311	
6	0	0	0	0	311	
7	0	0	0	0	310	
8	0	0	0	0	310	
9	0	0	0	0	310	
10	0	0	0	0	310	
11	0	0	0	0	310	
12	0	0	0	0	310	
13	0	0	0	0	310	
14	0	0	0	0	310	
15	0	0	0	0	310	
0	0	0	0	0	310	
1	0	0	0	0	310	
2	0	0	0	0	310	
3	0	0	0	0	310	
4	0	0	0	0	310	
5	0	0	0	0	310	
6	0	0	0	0	310	
7	0	0	0	0	310	
8	0	0	0	0	310	
9	0	0	0	0	310	
10	0	0	0	0	310	
11	0	0	0	0	310	
12	0	0	0	0	310	
13	0	0	0	0	309	
14	0	0	0	0	310	
15	0	0	0	0	310	
0	0	0	0	0	310	
1	0	0	0	0	309	
2	0	0	0	0	310	
3	0	0	0	0	309	
4	0	0	0	0	309	
5	0	0	0	0	309	
6	0	0	0	0	309	
7	0	0	0	0	309	
8	0	0	0	0	309	
9	0	0	0	0	309	
10	0	0	0	0	310	
11	0	0	0	0	309	
12	0	0	0	0	309	
13	0	0	0	0	309	
14	0	0	0	0	309	
15	0	0	0	0	309	
0	0	0	0	0	309	
1	0	0	0	0	309	
2	0	0	0	0	309	
3	0	0	0	0	309	
4	0	0	0	0	309	
5	0	0	0	0	309	
6	0	0	0	0	309	
7	0	0	0	0	309	
8	0	0	0	0	309	
9	0	0	0	0	309	
10	0	0	0	0	309	
11	0	0	0	0	309	
12	0	0	0	0	309	
13	0	0	0	0	309	
14	0	0	0	0	309	
15	0	0	0	0	309	
0	0	0	0	0	309	
1	0	0	0	0	309	
2	0	0	0	0	309	
3	0	0	0	0	308	
4	0	0	0	0	309	
5	0	0	0	0	309	
6	0	0	0	0	308	
7	0	0	0	0	308	
8	0	0	0	0	308	
9	0	0	0	0	308	
10	0	0	0	0	309	
11	0	0	0	0	308	
12	0	0	0	0	308	
13	0	0	0	0	308	
14	0	0	0	0	308	
15	0	0	0	0	308	
0	0	0	0	0	308	
1	0	0	0	0	308	
2	0	0	0	0	308	
3	0	0	0	0	308	
4	0	0	0	0	308	
5	0	0	0	0	308	
6	0	0	0	0	308	
7	0	0	0	0	308	
8	0	0	0	0	308	
9	0	0	0	0	308	
10	0	0	0	0	308	
11	0	0	0	0	308	
12	0	0	0	0	308	
13	0	0	0	0	308	
14	0	0	0	0	308	
15	0	0	0	0	308	
0	0	0	0	0	308	
1	0	0	0	0	308	
2	0	0	0	0	308	
3	0	0	0	0	308	
4	0	0	0	0	308	
5	0	0	0	0	308	
6	0	0	0	0	308	
7	0	0	0	0	308	
8	0	0	0	0	308	
9	0	0	0	0	308	
10	0	0	0	0	308	
11	0	0	0	0	308	
12	0	0	0	0	308	
13	0	0	0	0	308	
14	0	0	0	0	308	
15	0	0	0	0	308	
0	0	0	0	0	308	
1	0	0	0	0	308	
2	0	0	0	0	308	
3	0	0	0	0	308	
4	0	0	0	0	308	
5	0	0	0	0	308	
6	0	0	0	0	308	
7	0	0	0	0	308	
8	0	0	0	0	308	
9	0	0	0	0	308	
10	0	0	0	0	308	
11	0	0	0	0	308	
12	0	0	0	0	308	
13	0	0	0	0	308	
14	0	0	0	0	308	
15	0	0	0	0	308	
0	0	0	0	0	308	
1	0	0	0	0	308	
2	0	0	0	0	308	
3	0	0	0	0	308	
4	0	0	0	0	308	
5	0	0	0	0	308	
6	0	0	0	0	308	
7	0	0	0	0	308	
8	0	0	0	0	308	
9	0	0	0	0	308	
10	0	0	0	0	308	
11	0	0	0	0	308	
12	0	0	0	0	308	
13	0	0	0	0	308	
14	0	0	0	0	308	
15	0	0	0	0	308	
0	0	0	0	0	308	
1	0	0	0	0	308	
2	0	0	0	0	308	
3	0	0	0	0	308	
4	0	0	0	0	308	
5	0	0	0	0	308	
6	0	0	0	0	308	
7	0	0	0	0	308	
8	0	0	0	0	308	
9	0	0	0	0	308	
10	0	0	0	0	308	
11	0	0	0	0	308	
12	0	0	0	0	308	
13	0	0	0	0	308	
14	0	0	0	0	308	
15	0	0	0	0	308	
0	0	0	0	0	308	
1	0	0	0	0	308	
2	0	0	0	0	308	
3	0	0	0	0	308	
4	0	0	0	0	308	
5	0	0	0	0	308	
6	0	0	0	0	308	
7	0	0	0	0	308	
8	0	0	0	0	308	
9	0	0	0	0	308	
10	0	0	0	0	308	
11	0	0	0	0	308	
12	0	0	0	0	308	
13	0	0	0	0	308	
14	0	0	0	0	308	
15	0	0	0	0	308	
0	0	0	0	0	308	
1	0	0	0	0	308	
2	0	0	0	0	308	
3	0	0	0	0	308	
4	0	0	0	0	308	
5	0	0	0	0	308	
6	0	0	0	0	308	
7	0	0	0	0	308	
8	0	0	0	0	308	
9	0	0	0	0	308	
10	0	0	0	0	308	
11	0	0	0	0	308	
12	0	0	0	0	308	
13	0	0	0	0	308	
14	0	0	0	0	308	
15	0	0	0	0	308	
0	0	0	0	0	308	
1	0	0	0	0	308	
2	0	0	0	0	308	
3	0	0	0	0	308	
4	0	0	0	0	308	
5	0	0	0	0	308	
6	0	0	0	0	308	
7	0	0	0	0	308	
8	0	0	0	0	308	
9	0	0	0	0	308	
10	0	0	0	0	308	
11	0	0	0	0	308	
12	0	0	0	0	308	
13	0	0	0	0	308	
14	0	0	0	0	308	
15	0	0	0	0	308	
0	0	0	0	0	308	
1	0	0	0	0	308	
2	0	0	0	0	308	
3	0	0	0	0	308	
4	0	0	0	0	308	
5	0	0	0	0	308	
6	0	0	0	0	308	
7	0	0	0	0	308	
8	0	0	0	0	308	
9	0	0	0	0	308	
10	0	0	0	0	308	
11	0	0	0	0	308	
12	0	0	0	0	308	
13	0	0	0	0	308	
14	0	0	0	0	308	
15	0	0	0	0	308	
0	0	0	0	0	308	
1	0	0	0	0	308	
2	0	0	0	0	309	
3	0	0	0	0	308	
4	0	0	0	0	309	
5	0	0	0	0	309	
6	0	0	0	0	309	
7	0	0	0	0	309	
8	0	0	0	0	309	
9	0	0	0	0	309	
10	0	0	0	0	309	
11	0	0	0	0	309	
12	0	0	0	0	309	
13	0	0	0	0	309	
14	0	0	0	0	309	
15	0	0	0	0	309	
0	0	0	0	0	309	
1	0	0	0	0	309	
2	0	0	0	0	309	
3	0	0	0	0	309	
4	0	0	0	0	309	
5	0	0	0	0	309	
6	0	0	0	0	309	
7	0	0	0	0	309	
8	0	0	0	0	309	
9	0	0	0	0	309	
10	0	0	0	0	309	
11	0	0	0	0	309	
12	0	0	0	0	309	
13	0	0	0	0	309	
14	0	0	0	0	309	
15	0	0	0	0	309	
0	0	0	0	0	309	
1	0	0	0	0	309	
2	0	0	0	0	309	
3	0	0	0	0	309	
4	0	0	0	0	309	
5	0	0	0	0	309	
6	0	0	0	0	309	
7	0	0	0	0	309	
8	0	0	0	0	309	
9	0	0	0	0	309	
10	0	0	0	0	309	
11	0	0	0	0	309	
12	0	0	0	0	309	
13	0	0	0	0	309	
14	0	0	0	0	309	
15	0	0	0	0	309	
0	0	0	0	0	309	
1	0	0	0	0	309	
2	0	0	0	0	309	
3	0	0	0	0	309	
4	0	0	0	0	309	
5	0	0	0	0	309	
6	0	0	0	0	309	
7	0	0	0	0	309	
8	0	0	0	0	309	
9	0	0	0	0	309	
10	0	0	0	0	309	
11	0	0	0	0	309	
12	0	0	0	0	309	
13	0	0	0	0	309	
14	0	0	0	0	309	
15	0	0	0	0	309	
0	0	0	0	0	309	
1	0	0	0	0	309	
2	0	0	0	0	309	
3	0	0	0	0	309	
4	0	0	0	0	309	
5	0	0	0	0	309	
6	0	0	0	0	310	
7	0	0	0	0	309	
8	0	0	0	0	309	
9	0	0	0	0	310	
10	0	0	0	0	310	
11	0	0	0	0	310	
12	0	0	0	0	310	
13	0	0	0	0	309	
14	0	0	0	0	310	
15	0	0	0	0	310	
0	0	0	0	0	310	
1	0	0	0	0	310	
2	0	0	0	0	310	
3	0	0	0	0	310	
4	0	0	0	0	310	
5	0	0	0	0	310	
6	0	0	0	0	310	
7	0	0	0	0	310	
8	0	0	0	0	310	
9	0	0	0	0	310	
10	0	0	0	0	310	
11	0	0	0	0	310	
12	0	0	0	0	310	
13	0	0	0	0	310	
14	0	0	0	0	310	
15	0	0	0	0	310	
0	0	0	0	0	310	
1	0	0	0	0	310	
2	0	0	0	0	310	
3	0	0	0	0	310	
4	0	0	0	0	310	
5	0	0	0	0	310	
6	0	0	0	0	310	
7	0	0	0	0	310	
8	0	0	0	0	310	
9	0	0	0	0	310	
10	0	0	0	0	310	
11	0	0	0	0	310	
12	0	0	0	0	310	
13	0	0	0	0	310	
14	0	0	0	0	310	
15	0	0	0	0	310	
0	0	0	0	0	310	
1	0	0	0	0	310	
2	0	0	0	0	310	
3	0	0	0	0	310	
4	0	0	0	0	310	
5	0	0	0	0	310	
6	0	0	0	0	310	
7	0	0	0	0	310	
8	0	0	0	0	310	
9	0	0	0	0	310	
10	0	0	0	0	310	
11	0	0	0	0	310	
12	0	0	0	0	310	
13	0	0	0	0	310	
14	0	0	0	0	310	
15	0	0	0	0	310	
0	0	0	0	0	310	
1	0	0	0	0	310	
2	0	0	0	0	310	
3	0	0	0	0	309	
4	0	0	0	0	310	
5	0	0	0	0	309	
6	0	0	0	0	310	
7	0	0	0	0	309	
8	0	0	0	0	310	
9	0	0	0	0	310	
10	0	0	0	0	310	
11	0	0	0	0	309	
12	0	0	0	0	309	
13	0	0	0	0	309	
14	0	0	0	0	310	
15	0	0	0	0	309	
0	0	0	0	0	309	
1	0	0	0	0	309	
2	0	0	0	0	310	
3	0	0	0	0	310	
4	0	0	0	0	309	
5	0	0	0	0	309	
6	0	0	0	0	309	
7	0	0	0	0	309	
8	0	0	0	0	309	
9	0	0	0	0	309	
10	0	0	0	0	309	
11	0	0	0	0	309	
12	0	0	0	0	309	
13	0	0	0	0	309	
14	0	0	0	0	309	
15	0	0	0	0	309	
0	0	0	0	0	309	
1	0	0	0	0	309	
2	0	0	0	0	309	
3	0	0	0	0	309	
4	0	0	0	0	309	
5	0	0	0	0	309	
6	0	0	0	0	309	
7	0	0	0	0	309	
8	0	0	0	0	309	
9	0	0	0	0	309	
10	0	0	0	0	309	
11	0	0	0	0	309	
12	0	0	0	0	309	
13	0	0	0	0	309	
14	0	0	0	0	309	
15	0	0	0	0	309	
0	0	0	0	0	309	
1	0	0	0	0	309	
2	0	0	0	0	309	
3	0	0	0	0	309	
4	0	0	0	0	309	
5	0	0	0	0	309	
6	0	0	0	0	309	
7	0	0	0	0	309	
8	0	0	0	0	309	
9	0	0	0	0	309	
10	0	0	0	0	309	
11	0	0	0	0	309	
12	0	0	0	0	309	
13	0	0	0	0	309	
14	0	0	0	0	309	
15	0	0	0	0	309	
0	0	0	0	0	309	
1	0	0	0	0	309	
2	0	0	0	0	309	
3	0	0	0	0	309	
4	0	0	0	0	309	
5	0	0	0	0	309	
6	0	0	0	0	309	
7	0	0	0	0	309	
8	0	0	0	0	309	
9	0	0	0	0	309	
10	0	0	0	0	309	
11	0	0	0	0	309	
12	0	0	0	0	309	
13	0	0	0	0	309	
14	0	0	0	0	309	
15	0	0	0	0	309	
0	0	0	0	0	309	
1	0	0	0	0	309	
2	0	0	0	0	309	
3	0	0	0	0	309	
4	0	0	0	0	309	
5	0	0	0	0	309	
6	0	0	0	0	309	
7	0	0	0	0	309	
8	0	0	0	0	309	
9	0	0	0	0	309	
10	0	0	0	0	309	
11	0	0	0	0	309	
12	0	0	0	0	309	
13	0	0	0	0	309	
14	0	0	0	0	309	
15	0	0	0	0	309	
0	0	0	0	0	309	
1	0	0	0	0	309	
2	0	0	0	0	309	
3	0	0	0	0	309	
4	0	0	0	0	309	
5	0	0	0	0	309	
6	0	0	0	0	309	
7	0	0	0	0	309	
8	0	0	0	0	309	
9	0	0	0	0	309	
10	0	0	0	0	309	
11	0	0	0	0	309	
12	0	0	0	0	309	
13	0	0	0	0	309	
14	0	0	0	0	309	
15	0	0	0	0	309	
0	0	0	0	0	309	
1	0	0	0	0	309	
2	0	0	0	0	309	
3	0	0	0	0	309	
4	0	0	0	0	309	
5	0	0	0	0	308	
6	0	0	0	0	309	
7	0	0	0	0	309	
8	0	0	0	0	309	
9	0	0	0	0	309	
10	0	0	0	0	309	
11	0	0	0	0	308	
12	0	0	0	0	309	
13	0	0	0	0	308	
14	0	0	0	0	309	
15	0	0	0	0	308	
0	0	0	0	0	309	
1	0	0	0	0	308	
2	0	0	0	0	309	
3	0	0	0	0	308	
4	0	0	0	0	309	
5	0	0	0	0	308	
6	0	0	0	0	308	
7	0	0	0	0	308	
8	0	0	0	0	308	
9	0	0	0	0	308	
10	0	0	0	0	309	
11	0	0	0	0	308	
12	0	0	0	0	308	
13	0	0	0	0	308	
14	0	0	0	0	309	
15	0	0	0	0	308	
0	0	0	0	0	308	
1	0	0	0	0	308	
2	0	0	0	0	308	
3	0	0	0	0	308	
4	0	0	0	0	308	
5	0	0	0	0	308	
6	0	0	0	0	308	
7	0	0	0	0	308	
8	0	0	0	0	308	
9	0	0	0	0	308	
10	0	0	0	0	308	
11	0	0	0	0	308	
12	0	0	0	0	308	
13	0	0	0	0	308	
14	0	0	0	0	308	
15	0	0	0	0	308	
0	0	0	0	0	308	
1	0	0	0	0	308	
2	0	0	0	0	308	
3	0	0	0	0	308	
4	0	0	0	0	308	
5	0	0	0	0	308	
6	0	0	0	0	308	
7	0	0	0	0	308	
8	0	0	0	0	308	
9	0	0	0	0	308	
10	0	0	0	0	308	
11	0	0	0	0	308	
12	0	0	0	0	308	
13	0	0	0	0	308	
14	0	0	0	0	308	
15	0	0	0	0	308	
0	0	0	0	0	308	
1	0	0	0	0	308	
2	0	0	0	0	308	
3	0	0	0	0	308	
4	0	0	0	0	308	
5	0	0	0	0	308	
6	0	0	0	0	308	
7	0	0	0	0	308	
8	0	0	0	0	308	
9	0	0	0	0	308	
10	0	0	0	0	308	
11	0	0	0	0	308	
12	0	0	0	0	308	
13	0	0	0	0	308	
14	0	0	0	0	308	
15	0	0	0	0	308	
0	0	0	0	0	308	
1	0	0	0	0	308	
2	0	0	0	0	308	
3	0	0	0	0	308	
4	0	0	0	0	308	
5	0	0	0	0	308	
6	0	0	0	0	308	
7	0	0	0	0	308	
8	0	0	0	0	308	
9	0	0	0	0	308	
10	0	0	0	0	308	
11	0	0	0	0	308	
12	0	0	0	0	308	
13	0	0	0	0	308	
14	0	0	0	0	308	
15	0	0	0	0	308	
0	0	0	0	0	308	
1	0	0	0	0	308	
2	0	0	0	0	308	
3	0	0	0	0	308	
4	0	0	0	0	308	
5	0	0	0	0	308	
6	0	0	0	0	308	
7	0	0	0	0	308	
8	0	0	0	0	308	
9	0	0	0	0	308	
10	0	0	0	0	308	
11	0	0	0	0	308	
12	0	0	0	0	308	
13	0	0	0	0	308	
14	0	0	0	0	308	
15	0	0	0	0	308	
0	0	0	0	0	308	
1	0	0	0	0	308	
2	0	0	0	0	308	
3	0	0	0	0	308	
4	0	0	0	0	308	
5	0	0	0	0	308	
6	0	0	0	0	308	
7	0	0	0	0	308	
8	0	0	0	0	308	
9	0	0	0	0	308	
10	0	0	0	0	308	
11	0	0	0	0	308	
12	0	0	0	0	308	
13	0	0	0	0	308	
14	0	0	0	0	308	
15	0	0	0	0	308	
0	0	0	0	0	308	
1	0	0	0	0	308	
2	0	0	0	0	308	
3	0	0	0	0	308	
4	0	0	0	0	308	
5	0	0	0	0	308	
6	0	0	0	0	308	
7	0	0	0	0	307	
8	0	0	0	0	308	
9	0	0	0	0	308	
10	0	0	0	0	308	
11	0	0	0	0	308	
12	0	0	0	0	307	
13	0	0	0	0	307	
14	0	0	0	0	308	
15	0	0	0	0	308	
0	0	0	0	0	307	
1	0	0	0	0	307	
2	0	0	0	0	308	
3	0	0	0	0	307	
4	0	0	0	0	307	
5	0	0	0	0	307	
6	0	0	0	0	308	
7	0	0	0	0	307	
8	0	0	0	0	307	
9	0	0	0	0	307	
10	0	0	0	0	307	
11	0	0	0	0	307	
12	0	0	0	0	307	
13	0	0	0	0	307	
14	0	0	0	0	307	
15	0	0	0	0	307	
0	0	0	0	0	307	
1	0	0	0	0	307	
2	0	0	0	0	307	
3	0	0	0	0	307	
4	0	0	0	0	307	
5	0	0	0	0	307	
6	0	0	0	0	307	
7	0	0	0	0	307	
8	0	0	0	0	307	
9	0	0	0	0	307	
10	0	0	0	0	307	
11	0	0	0	0	307	
12	0	0	0	0	307	
13	0	0	0	0	307	
14	0	0	0	0	307	
15	0	0	0	0	307	
0	0	0	0	0	306	
1	0	0	0	0	306	
2	0	0	0	0	307	
3	0	0	0	0	306	
4	0	0	0	0	306	
5	0	0	0	0	306	
6	0	0	0	0	307	
7	0	0	0	0	306	
